[ 0.00628241  0.00627283  0.00627912  0.00628438  0.00628038  0.0062741
  0.00628766  0.00629945  0.00630169  0.00629332],
[ 0.00628174  0.00628989  0.00628284  0.00627356  0.00627231  0.0062715
  0.00626956  0.00625213  0.00626884  0.0062824 ],
[ 0.00628845  0.00628312  0.00625449  0.00625989  0.00625027  0.00625703
  0.00626523  0.00627548  0.0062845   0.00627103],
[ 0.00625883  0.00625086  0.00623877  0.00622623  0.00623529  0.0062447
  0.00630732  0.00629115  0.00630364  0.00629395],
[ 0.00626594  0.00625444  0.0062547   0.0062711   0.00629371  0.00629049
  0.00628095  0.00628823  0.00626369  0.00625459],
