Your mom
2013-01-01,2013-12-31,2014-01-01,2014-12-31,60,0,0,0.01,0.99,0.001,100,10000,0,1,0,0,1
2013-01-01,2013-12-31,2014-01-01,2014-12-31,60,1,1,0.01,0.99,0.001,100,10000,0,1,0,0,1
2013-01-01,2013-12-31,2014-01-01,2014-12-31,60,2,2,0.01,0.99,0.001,100,10000,0,1,0,0,1
2013-01-01,2013-12-31,2014-01-01,2014-12-31,60,3,3,0.01,0.99,0.001,100,10000,0,1,0,0,1
2013-01-01,2013-12-31,2014-01-01,2014-12-31,60,4,4,0.01,0.99,0.001,100,10000,0,1,0,0,1
2013-01-01,2013-12-31,2014-01-01,2014-12-31,60,5,5,0.01,0.99,0.001,100,10000,0,1,0,0,1
2013-01-01,2013-12-31,2014-01-01,2014-12-31,60,6,6,0.01,0.99,0.001,100,10000,0,1,0,0,1
2013-01-01,2013-12-31,2014-01-01,2014-12-31,60,7,7,0.01,0.99,0.001,100,10000,0,1,0,0,1
2013-01-01,2013-12-31,2014-01-01,2014-12-31,60,8,8,0.01,0.99,0.001,100,10000,0,1,0,0,1
2013-01-01,2013-12-31,2014-01-01,2014-12-31,60,9,9,0.01,0.99,0.001,100,10000,0,1,0,0,1
2013-01-01,2013-12-31,2014-01-01,2014-12-31,60,10,10,0.01,0.99,0.001,100,10000,0,1,0,0,1
2013-01-01,2013-12-31,2014-01-01,2014-12-31,60,11,11,0.01,0.99,0.001,100,10000,0,1,0,0,1
2013-01-01,2013-12-31,2014-01-01,2014-12-31,60,12,12,0.01,0.99,0.001,100,10000,0,1,0,0,1
2013-01-01,2013-12-31,2014-01-01,2014-12-31,60,13,13,0.01,0.99,0.001,100,10000,0,1,0,0,1
2013-01-01,2013-12-31,2014-01-01,2014-12-31,60,14,14,0.01,0.99,0.001,100,10000,0,1,0,0,1
2013-01-01,2013-12-31,2014-01-01,2014-12-31,60,15,15,0.01,0.99,0.001,100,10000,0,1,0,0,1
2013-01-01,2013-12-31,2014-01-01,2014-12-31,60,16,16,0.01,0.99,0.001,100,10000,0,1,0,0,1
2013-01-01,2013-12-31,2014-01-01,2014-12-31,60,17,17,0.01,0.99,0.001,100,10000,0,1,0,0,1
2013-01-01,2013-12-31,2014-01-01,2014-12-31,60,18,18,0.01,0.99,0.001,100,10000,0,1,0,0,1
2013-01-01,2013-12-31,2014-01-01,2014-12-31,60,19,19,0.01,0.99,0.001,100,10000,0,1,0,0,1
