[  1.18897479e-01   1.18897479e-01   1.24495922e-01   1.07792676e-01
   8.19932424e-02   8.19932424e-02   8.19932424e-02   8.19932424e-02
   8.16876928e-02   8.96179529e-02   8.96179529e-02   8.96179529e-02
   8.82518185e-02   8.82518185e-02   8.82518185e-02   8.82518185e-02
   8.82518185e-02   8.82518185e-02   8.82518185e-02   8.82518185e-02
   8.82518185e-02   8.82518185e-02   8.82518185e-02   8.82518185e-02
   8.82518185e-02   8.82518185e-02   8.82518185e-02   8.82518185e-02
   8.82518185e-02   8.82518185e-02   8.82518185e-02   8.82518185e-02
   8.82518185e-02   8.82518185e-02   8.82518185e-02   8.82518185e-02
   8.82518185e-02   8.82518185e-02   8.82518185e-02   8.82518185e-02
   8.82518185e-02   8.82518185e-02   8.82518185e-02   8.82518185e-02
   8.82518185e-02   8.82518185e-02   8.82518185e-02   8.82518185e-02
   8.82518185e-02   8.82518185e-02   8.82518185e-02   8.82518185e-02
   8.82518185e-02   8.82518185e-02   8.82518185e-02   8.82518185e-02
   8.82518185e-02   8.82518185e-02   8.82518185e-02   8.82518185e-02
   8.82518185e-02   8.82518185e-02   8.82518185e-02   8.82518185e-02
   8.82518185e-02   8.82518185e-02   8.82518185e-02   8.82518185e-02
   8.82518185e-02   8.82518185e-02   8.82518185e-02   8.82518185e-02
   8.82518185e-02   8.82518185e-02   8.82518185e-02   8.82518185e-02
   8.82518185e-02   8.82518185e-02   8.82518185e-02   9.54257677e-02
   7.65243037e-02   7.65243037e-02   7.65243037e-02   7.65243037e-02
   7.65243037e-02   7.65243037e-02   7.65243037e-02   7.65243037e-02
   7.65243037e-02   7.65243037e-02   7.65243037e-02   7.65243037e-02
   7.65243037e-02   7.65243037e-02   7.65243037e-02   7.65243037e-02
   7.65243037e-02   7.65243037e-02   7.65243037e-02   7.65243037e-02
   7.65243037e-02   7.65243037e-02   7.65243037e-02   7.65243037e-02
   7.65243037e-02   7.65243037e-02   7.65243037e-02   7.65243037e-02
   7.65243037e-02   7.65243037e-02   7.65243037e-02   7.65243037e-02
   7.65243037e-02   7.65243037e-02   7.65243037e-02   7.65243037e-02
   7.65243037e-02   7.65243037e-02   7.65243037e-02   7.65243037e-02
   7.65243037e-02   7.65243037e-02   7.65243037e-02   7.65243037e-02
   7.65243037e-02   7.65243037e-02   7.65243037e-02   7.65243037e-02
   7.65243037e-02   7.65243037e-02   7.65243037e-02   7.65243037e-02
   7.65243037e-02   7.65243037e-02   7.65243037e-02   7.65243037e-02
   7.65243037e-02   7.65243037e-02   7.65243037e-02   7.65243037e-02
   7.65243037e-02   7.65243037e-02   7.65243037e-02   7.65243037e-02
   7.65243037e-02   7.65243037e-02   7.65243037e-02   7.65243037e-02
   7.65243037e-02   7.65243037e-02   7.65243037e-02   7.65243037e-02
   7.65243037e-02   7.65243037e-02   7.65243037e-02   7.65243037e-02
   7.65243037e-02   7.65243037e-02   7.65243037e-02   7.65243037e-02
   7.65243037e-02   7.65243037e-02   7.65243037e-02   7.65243037e-02
   7.65243037e-02   7.65243037e-02   7.65243037e-02   7.65243037e-02
   7.65243037e-02   7.65243037e-02   7.65243037e-02   7.65243037e-02
   7.65243037e-02   7.65243037e-02   7.65243037e-02   7.65243037e-02
   7.65243037e-02   7.65243037e-02   7.65243037e-02   7.65243037e-02
   7.65243037e-02   7.65243037e-02   7.65243037e-02   7.65243037e-02
   7.65243037e-02   7.65243037e-02   7.65243037e-02   7.65243037e-02
   7.65243037e-02   7.65243037e-02   7.65243037e-02   7.65243037e-02
   7.65243037e-02   7.65243037e-02   7.65243037e-02   7.65243037e-02
   7.65243037e-02   7.65243037e-02   7.65243037e-02   7.65243037e-02
   7.65243037e-02   7.65243037e-02   7.65243037e-02   7.65243037e-02
   7.65243037e-02   7.65243037e-02   7.65243037e-02   7.65243037e-02
   7.65243037e-02   7.65243037e-02   7.65243037e-02   7.65243037e-02
   7.65243037e-02   7.65243037e-02   7.65243037e-02   7.65243037e-02
   7.65243037e-02   7.65243037e-02   7.65243037e-02   7.65243037e-02
   7.65243037e-02   7.65243037e-02   7.65243037e-02   7.65243037e-02
   7.65243037e-02   7.65243037e-02   7.65243037e-02   7.65243037e-02
   7.65243037e-02   7.65243037e-02   7.65243037e-02   7.65243037e-02
   7.65243037e-02   7.65243037e-02   7.65243037e-02   7.65243037e-02
   7.65243037e-02   7.65243037e-02   7.65243037e-02   7.65243037e-02
   7.65243037e-02   7.65243037e-02   7.65243037e-02   7.65243037e-02
   7.65243037e-02   7.65243037e-02   7.65243037e-02   7.65243037e-02
   7.65243037e-02   7.65243037e-02   7.65243037e-02   7.65243037e-02
   7.65243037e-02   7.65243037e-02   7.65243037e-02   7.65243037e-02
   7.65243037e-02   7.65243037e-02   7.65243037e-02   7.65243037e-02
   7.65243037e-02   7.65243037e-02   7.65243037e-02   7.65243037e-02
   7.65243037e-02   7.65243037e-02   7.65243037e-02   7.65243037e-02
   7.65243037e-02   7.65243037e-02   7.65243037e-02   7.65243037e-02
   7.65243037e-02   7.65243037e-02   7.65243037e-02   7.65243037e-02
   7.65243037e-02   7.65243037e-02   7.65243037e-02   7.65243037e-02
   7.65243037e-02   7.65243037e-02   7.65243037e-02   7.65243037e-02
   7.65243037e-02   7.65243037e-02   7.65243037e-02   7.65243037e-02
   7.65243037e-02   7.65243037e-02   7.65243037e-02   7.65243037e-02
   7.65243037e-02   7.65243037e-02   7.65243037e-02   7.65243037e-02
   7.65243037e-02   7.65243037e-02   7.65243037e-02   7.65243037e-02
   7.65243037e-02   7.65243037e-02   7.65243037e-02   7.65243037e-02
   7.65243037e-02   7.65243037e-02   7.65243037e-02   7.65243037e-02
   7.65243037e-02   7.65243037e-02   7.65243037e-02   7.65243037e-02
   7.65243037e-02   7.65243037e-02   7.65243037e-02   7.65243037e-02
   7.65243037e-02   7.65243037e-02   7.65243037e-02   7.65243037e-02
   7.65243037e-02   7.65243037e-02   7.65243037e-02   7.65243037e-02
   7.65243037e-02   7.65243037e-02   7.65243037e-02   7.65243037e-02
   7.65243037e-02   7.65243037e-02   7.65243037e-02   7.65243037e-02
   7.65243037e-02   7.65243037e-02   7.65243037e-02   7.65243037e-02
   7.65243037e-02   7.65243037e-02   7.65243037e-02   7.65243037e-02
   7.65243037e-02   7.65243037e-02   7.65243037e-02   7.65243037e-02
   7.65243037e-02   7.65243037e-02   7.65243037e-02   7.65243037e-02
   7.65243037e-02   7.65243037e-02   7.65243037e-02   7.65243037e-02
   7.65243037e-02   7.65243037e-02   7.65243037e-02   7.65243037e-02
   7.65243037e-02   7.65243037e-02   7.65243037e-02   7.65243037e-02
   7.65243037e-02   7.65243037e-02   7.65243037e-02   7.65243037e-02
   7.65243037e-02   4.36706461e-02   4.36706461e-02   4.36706461e-02
   4.36706461e-02   4.36706461e-02   4.36706461e-02   4.36706461e-02
   4.36706461e-02   4.36706461e-02   4.36706461e-02   4.36706461e-02
   4.36706461e-02   4.36706461e-02   4.36706461e-02   4.36706461e-02
   4.36706461e-02   4.36706461e-02   4.36706461e-02   4.36706461e-02
   4.36706461e-02   4.36706461e-02   4.36706461e-02   4.36706461e-02
   4.36706461e-02   4.36706461e-02   4.36706461e-02   4.36706461e-02
   4.36706461e-02   4.36706461e-02   4.36706461e-02   4.36706461e-02
   4.36706461e-02   4.36706461e-02   3.26433796e-02   3.26433796e-02
   3.26433796e-02   3.26433796e-02   3.26433796e-02   3.26433796e-02
   3.26433796e-02   3.26433796e-02   3.26433796e-02   3.26433796e-02
   3.26433796e-02   3.26433796e-02   3.26433796e-02   3.26433796e-02
   3.26433796e-02   3.26433796e-02   3.26433796e-02   3.26433796e-02
   3.26433796e-02   3.26433796e-02   3.26433796e-02   3.26433796e-02
   3.26433796e-02   3.26433796e-02   3.26433796e-02   3.26433796e-02
   3.26433796e-02   3.26433796e-02   3.26433796e-02   3.26433796e-02
   3.26433796e-02   3.26433796e-02   3.26433796e-02   3.26433796e-02
   3.26433796e-02   3.22051937e-02   1.66688245e-02   1.66688245e-02
   1.66688245e-02   1.66688245e-02   1.66688245e-02   1.66688245e-02
   1.66688245e-02   1.66688245e-02   1.66688245e-02   1.66688245e-02
   1.66688245e-02   1.66688245e-02   1.66688245e-02   1.66688245e-02
   1.66688245e-02   1.66688245e-02   1.66688245e-02   1.66688245e-02
   1.66688245e-02   1.66688245e-02   1.66688245e-02   1.66688245e-02
   1.66688245e-02   1.66688245e-02   1.66688245e-02   1.66688245e-02
   1.66688245e-02   1.66688245e-02   1.66688245e-02   1.66688245e-02
   1.66688245e-02   1.66688245e-02   1.66688245e-02   1.66688245e-02
   1.66688245e-02   1.66688245e-02   1.66688245e-02   1.66688245e-02
   1.66688245e-02   1.66688245e-02   1.66688245e-02   1.66688245e-02
   1.66688245e-02   1.66688245e-02   1.66688245e-02   1.66688245e-02
   1.66688245e-02   1.66688245e-02   1.66688245e-02   1.66688245e-02
   1.66688245e-02   1.66688245e-02   1.66688245e-02   1.66688245e-02
   1.66688245e-02   1.66688245e-02   1.66688245e-02   1.66688245e-02
   1.66688245e-02   1.66688245e-02   1.66688245e-02   1.66688245e-02
   1.66688245e-02   1.66688245e-02   1.66688245e-02   1.66688245e-02
   1.66688245e-02   1.66688245e-02   1.66688245e-02   1.66688245e-02
   1.66688245e-02   1.66688245e-02   1.66688245e-02   1.66688245e-02
   1.66688245e-02   1.66688245e-02   1.66688245e-02   1.66688245e-02
   1.66688245e-02   1.66688245e-02   1.66688245e-02   1.66688245e-02
   1.66688245e-02   1.66688245e-02   1.66688245e-02   1.66688245e-02
   1.66688245e-02   1.66688245e-02   1.66688245e-02   1.66688245e-02
   1.66688245e-02   1.66688245e-02   1.66688245e-02   1.66688245e-02
   1.66688245e-02   1.66688245e-02   1.66688245e-02   1.66688245e-02
   1.66688245e-02   1.66688245e-02   1.66688245e-02   1.66688245e-02
   1.66688245e-02   1.66688245e-02   1.66688245e-02   1.66688245e-02
   1.66688245e-02   1.66688245e-02   1.66688245e-02   1.66688245e-02
   1.66688245e-02   1.66688245e-02   1.66688245e-02   1.66688245e-02
   1.66688245e-02   1.66688245e-02   1.66688245e-02   1.66688245e-02
   1.66688245e-02   1.66688245e-02   1.66688245e-02   1.66688245e-02
   1.66688245e-02   1.66688245e-02   1.66688245e-02   1.66688245e-02
   1.66688245e-02   1.66688245e-02   1.66688245e-02   1.66688245e-02
   1.66688245e-02   1.66688245e-02   1.66688245e-02   1.66688245e-02
   1.66688245e-02   1.66688245e-02   1.66688245e-02   1.66688245e-02
   1.66688245e-02   1.66688245e-02   1.66688245e-02   1.66688245e-02
   1.66688245e-02   1.66688245e-02   1.66688245e-02   1.66688245e-02
   1.66688245e-02   1.66688245e-02   1.66688245e-02   1.66688245e-02
   1.66688245e-02   1.66688245e-02   1.66688245e-02   1.66688245e-02
   1.66688245e-02   1.66688245e-02   1.66688245e-02   1.66688245e-02
   1.66688245e-02   1.66688245e-02   1.66688245e-02   1.66688245e-02
   1.66688245e-02   1.66688245e-02   1.66688245e-02   1.66688245e-02
   1.66688245e-02   1.66688245e-02   1.66688245e-02   1.66688245e-02
   1.66688245e-02   1.66688245e-02   1.66688245e-02   1.66688245e-02
   1.66688245e-02   1.66688245e-02   1.66688245e-02   1.66688245e-02
   1.66688245e-02   1.66688245e-02   1.66688245e-02   1.66688245e-02
   1.66688245e-02   1.66688245e-02   1.66688245e-02   1.66688245e-02
   1.66688245e-02   1.66688245e-02   1.66688245e-02   1.66688245e-02
   1.66688245e-02   1.66688245e-02   1.66688245e-02   1.66688245e-02
   1.66688245e-02   1.66688245e-02   1.66688245e-02   1.66688245e-02
   1.66688245e-02   1.66688245e-02   1.66688245e-02   1.66688245e-02
   1.66688245e-02   1.66688245e-02   1.66688245e-02   1.66688245e-02
   1.66688245e-02   1.66688245e-02   1.66688245e-02   1.66688245e-02
   1.66688245e-02   1.66688245e-02   1.66688245e-02   1.66688245e-02
   1.66688245e-02   1.66688245e-02   1.66688245e-02   1.66688245e-02
   1.66688245e-02   1.66688245e-02   1.66688245e-02   1.66688245e-02
   1.66688245e-02   1.66688245e-02   1.66688245e-02   1.66688245e-02
   1.66688245e-02   1.66688245e-02   1.66688245e-02   1.66688245e-02
   1.66688245e-02   1.66688245e-02   1.66688245e-02   1.66688245e-02
   1.66688245e-02   1.66688245e-02   1.66688245e-02   1.66688245e-02
   1.66688245e-02   1.66688245e-02   1.66688245e-02   1.66688245e-02
   1.66688245e-02   1.66688245e-02   1.66688245e-02   1.66688245e-02
   1.66688245e-02   1.66688245e-02   1.66688245e-02   1.66688245e-02
   1.66688245e-02   1.66688245e-02   1.66688245e-02   1.66688245e-02
   1.66688245e-02   1.66688245e-02   1.66688245e-02   1.66688245e-02
   1.66688245e-02   1.66688245e-02   1.66688245e-02   1.66688245e-02
   1.66688245e-02   1.66688245e-02   1.66688245e-02   1.66688245e-02
   1.66688245e-02   1.66688245e-02   1.66688245e-02   1.66688245e-02
   1.66688245e-02   1.66688245e-02   1.66688245e-02   1.66688245e-02
   1.66688245e-02   1.66688245e-02   1.66688245e-02   1.66688245e-02
   1.66688245e-02   1.66688245e-02   1.66688245e-02   1.66688245e-02
   1.66688245e-02   1.66688245e-02   1.66688245e-02   1.66688245e-02
   1.66688245e-02   1.66688245e-02   1.66688245e-02   1.66688245e-02
   1.66688245e-02   1.66688245e-02   1.66688245e-02   1.66688245e-02
   1.66688245e-02   1.66688245e-02   1.66688245e-02   1.66688245e-02
   1.66688245e-02   1.66688245e-02   1.66688245e-02   1.66688245e-02
   1.66688245e-02   1.66688245e-02   1.66688245e-02   1.66688245e-02
   1.66688245e-02   1.66688245e-02   1.66688245e-02   1.66688245e-02
   1.66688245e-02   1.66688245e-02   2.61635135e-02   3.26369354e-02
   3.09251086e-02   3.16197753e-02   3.15105977e-02   3.89350834e-02
   1.52969420e-02   1.61797344e-02   1.31342828e-02   1.33389937e-02
   1.66171605e-02   1.69349905e-02   1.38800589e-02   1.58390122e-02
   9.38291560e-03   1.19618610e-02   1.19618610e-02   1.19618610e-02
   8.37074007e-03   3.43433243e-03   3.43433243e-03   3.43433243e-03
   4.85275112e-03   4.85275112e-03   4.85275112e-03   2.91920248e-03
   4.51526830e-03   4.51526830e-03   4.51526830e-03   4.51526830e-03
   4.51526830e-03   4.51526830e-03   4.51526830e-03   3.23768339e-03
   8.58621461e-05   8.58621461e-05   4.05518905e-03   1.71099018e-03
   1.71099018e-03   1.71099018e-03   1.71099018e-03   1.71099018e-03
   1.71099018e-03   1.71099018e-03   1.71099018e-03   1.71099018e-03
   1.71099018e-03   1.71099018e-03   1.71099018e-03   1.71099018e-03
   1.71099018e-03   1.71099018e-03   1.71099018e-03   1.71099018e-03
   1.71099018e-03   1.71099018e-03   1.71099018e-03   1.71099018e-03
   4.70429421e-03   4.70429421e-03   4.70429421e-03   4.70429421e-03
   6.77111019e-03   1.30868668e-03   7.94421986e-04   7.94421986e-04
   7.94421986e-04   7.94421986e-04   7.94421986e-04   7.94421986e-04
   7.94421986e-04   7.94421986e-04   1.06976267e-03   1.17383217e-03
   8.16023201e-04   2.88851573e-03   3.04998309e-03   6.94720347e-04
   6.94720347e-04   6.94720347e-04   6.94720347e-04   6.94720347e-04
   6.94720347e-04   6.94720347e-04   6.94720347e-04   6.94720347e-04
   6.94720347e-04   6.94720347e-04   6.94720347e-04   6.94720347e-04
   6.94720347e-04   6.94720347e-04   6.94720347e-04   6.94720347e-04
   6.94720347e-04   6.94720347e-04   4.34527324e-04   4.34527324e-04
   4.34527324e-04   4.34527324e-04   4.62250225e-03   1.59776910e-03
   1.59776910e-03   1.59776910e-03   1.59776910e-03   1.59776910e-03
   1.59776910e-03   1.59776910e-03   1.59776910e-03   1.59776910e-03
   1.26518233e-03   1.26518233e-03   1.26518233e-03   1.19692146e-03
   7.62957695e-03   1.57566069e-03   1.57566069e-03   1.57566069e-03
   1.57566069e-03   1.57566069e-03   1.57566069e-03   1.57566069e-03
   1.57566069e-03   1.57566069e-03   1.57566069e-03   1.57566069e-03
   1.57566069e-03   1.57566069e-03   1.57566069e-03   1.57566069e-03
   1.57566069e-03   1.57566069e-03   1.57566069e-03   1.57566069e-03
   1.57566069e-03   1.57566069e-03   1.57566069e-03   1.57566069e-03
   1.57566069e-03   1.57566069e-03   1.57566069e-03   1.57566069e-03
   1.57566069e-03   1.57566069e-03   1.57566069e-03   1.57566069e-03
   1.57566069e-03   1.57566069e-03   1.57566069e-03   1.57566069e-03
   1.57566069e-03   1.57566069e-03   1.57566069e-03   1.57566069e-03
   1.57566069e-03   1.57566069e-03   1.57566069e-03   1.57566069e-03
   1.57566069e-03   1.57566069e-03   1.57566069e-03   1.57566069e-03
   1.57566069e-03   1.57566069e-03   1.57566069e-03   1.57566069e-03
   1.57566069e-03   1.57566069e-03   1.57566069e-03   1.57566069e-03
   1.57566069e-03   1.57566069e-03   1.57566069e-03   1.57566069e-03
   1.57566069e-03   1.57566069e-03   1.57566069e-03   1.39483400e-02
   1.70977072e-02   1.68102203e-02   9.14890306e-03   9.14890306e-03
   1.29757829e-02   7.14556419e-03   1.10450114e-02   6.64067093e-03
   6.64067093e-03   6.64067093e-03   2.04120264e-02   3.24608701e-03
   2.93479703e-03   4.34798352e-03   4.34798352e-03   4.34798352e-03
   4.34798352e-03   1.75625438e-02   8.14716498e-03   2.61373498e-03
   3.10312110e-03   3.10312110e-03   3.10312110e-03   3.10312110e-03
   3.10312110e-03   3.10312110e-03   3.10312110e-03   3.10312110e-03
   3.10312110e-03   9.91525757e-03   5.28414962e-03   4.25018796e-03
   4.25018796e-03   4.25018796e-03   4.25018796e-03   1.56582295e-02
   9.65773016e-03   1.52403027e-02   1.33387841e-02   9.75602203e-03
   2.28177964e-02   2.28177964e-02   3.27618936e-02   2.16250663e-02
   2.00509115e-02   2.00509115e-02   1.84269714e-02   1.38499629e-02
   1.38499629e-02   1.38499629e-02   1.38499629e-02   1.38499629e-02
   1.38499629e-02   1.38499629e-02   1.38499629e-02   1.38499629e-02
   1.38499629e-02   1.38499629e-02   1.38499629e-02   2.21921855e-02
   1.99854451e-02   2.18962955e-02   2.18962955e-02   1.55706009e-02
   9.60548102e-03   9.60548102e-03   9.60548102e-03   1.43873376e-02
   1.84344654e-02   1.43451752e-02   1.05899232e-02   1.30487157e-02
   1.53614646e-02   1.53614646e-02   1.53614646e-02   1.53614646e-02],
[ 0.20517482  0.20517482  0.20004306  0.11767148  0.11767148  0.11767148
  0.11767148  0.11767148  0.11767148  0.12780492  0.11357482  0.11357482
  0.11357482  0.11357482  0.11357482  0.11357482  0.11357482  0.11357482
  0.11357482  0.11357482  0.11357482  0.11357482  0.11357482  0.11357482
  0.11357482  0.11357482  0.11357482  0.11357482  0.11357482  0.11357482
  0.11357482  0.11357482  0.11357482  0.11357482  0.11357482  0.11357482
  0.11357482  0.11357482  0.11357482  0.11357482  0.11357482  0.11357482
  0.11357482  0.11357482  0.11357482  0.11357482  0.11357482  0.11357482
  0.11357482  0.11357482  0.11357482  0.11357482  0.11357482  0.11357482
  0.11357482  0.11357482  0.11357482  0.11357482  0.11357482  0.11357482
  0.11357482  0.11357482  0.11357482  0.11357482  0.11357482  0.11357482
  0.11357482  0.11357482  0.11357482  0.11357482  0.11357482  0.11357482
  0.11357482  0.11357482  0.11357482  0.11357482  0.11357482  0.11357482
  0.11357482  0.11357482  0.11357482  0.11357482  0.11357482  0.11357482
  0.11357482  0.11357482  0.11357482  0.11357482  0.11357482  0.11357482
  0.11357482  0.11357482  0.11357482  0.11357482  0.11357482  0.11357482
  0.11357482  0.11357482  0.11357482  0.11357482  0.11357482  0.11357482
  0.11357482  0.11357482  0.11357482  0.11357482  0.11357482  0.11357482
  0.11357482  0.11357482  0.11357482  0.11357482  0.11357482  0.11357482
  0.11357482  0.11357482  0.11357482  0.11357482  0.11357482  0.11357482
  0.11357482  0.11357482  0.11357482  0.11357482  0.11357482  0.11357482
  0.11357482  0.11357482  0.11357482  0.11357482  0.11357482  0.11357482
  0.11357482  0.11357482  0.11357482  0.11357482  0.11357482  0.11357482
  0.11357482  0.11357482  0.11357482  0.11357482  0.11357482  0.11357482
  0.11357482  0.11357482  0.11357482  0.11357482  0.11357482  0.11357482
  0.11357482  0.11357482  0.11357482  0.11357482  0.11357482  0.11357482
  0.11357482  0.11357482  0.11357482  0.11357482  0.11357482  0.10718009
  0.10718009  0.10718009  0.10718009  0.07946081  0.07946081  0.06611933
  0.06611933  0.06611933  0.06611933  0.06611933  0.06611933  0.06611933
  0.06611933  0.06611933  0.06611933  0.06611933  0.06611933  0.06611933
  0.06611933  0.06611933  0.06611933  0.06611933  0.06611933  0.06611933
  0.06611933  0.06611933  0.06611933  0.06611933  0.06611933  0.06611933
  0.06611933  0.06611933  0.06611933  0.06611933  0.06611933  0.06611933
  0.06611933  0.06611933  0.06611933  0.06611933  0.06611933  0.06611933
  0.06611933  0.06611933  0.06611933  0.06611933  0.06611933  0.06611933
  0.06611933  0.06611933  0.06611933  0.06611933  0.06611933  0.06611933
  0.06611933  0.06611933  0.06611933  0.06611933  0.06611933  0.06611933
  0.06611933  0.06611933  0.06611933  0.06611933  0.06611933  0.06611933
  0.06611933  0.06611933  0.06611933  0.06611933  0.06611933  0.06611933
  0.06611933  0.06611933  0.06611933  0.06611933  0.06611933  0.06611933
  0.06611933  0.06611933  0.06611933  0.06611933  0.06611933  0.06611933
  0.06611933  0.06611933  0.06611933  0.06611933  0.06611933  0.06611933
  0.06611933  0.06611933  0.06611933  0.06611933  0.06611933  0.06611933
  0.06611933  0.06611933  0.06611933  0.06611933  0.06611933  0.06611933
  0.06611933  0.06611933  0.06611933  0.06611933  0.06611933  0.06611933
  0.06611933  0.06611933  0.06611933  0.06611933  0.06611933  0.06611933
  0.06611933  0.06611933  0.06611933  0.06611933  0.06611933  0.06611933
  0.06611933  0.06611933  0.06611933  0.06611933  0.06611933  0.06611933
  0.06611933  0.06611933  0.06611933  0.06611933  0.06611933  0.06611933
  0.06611933  0.06611933  0.06611933  0.06611933  0.06611933  0.06611933
  0.06611933  0.06611933  0.06611933  0.06611933  0.06611933  0.06611933
  0.06611933  0.06611933  0.06611933  0.06611933  0.06611933  0.06611933
  0.06611933  0.06611933  0.06611933  0.06611933  0.06611933  0.06611933
  0.06611933  0.06611933  0.06611933  0.06611933  0.06611933  0.06611933
  0.06611933  0.06611933  0.06611933  0.06611933  0.06611933  0.06611933
  0.06611933  0.06611933  0.06611933  0.06611933  0.06611933  0.06611933
  0.06611933  0.06611933  0.06611933  0.06611933  0.06611933  0.06611933
  0.06611933  0.06611933  0.06611933  0.06611933  0.06611933  0.06611933
  0.06611933  0.06611933  0.06611933  0.06611933  0.06611933  0.06611933
  0.06611933  0.06611933  0.06611933  0.06611933  0.06611933  0.06611933
  0.06611933  0.06611933  0.06611933  0.06611933  0.06611933  0.06611933
  0.06611933  0.06611933  0.06611933  0.06611933  0.06611933  0.06611933
  0.06611933  0.06611933  0.06611933  0.06611933  0.06611933  0.06611933
  0.06611933  0.06611933  0.06611933  0.06611933  0.06611933  0.06611933
  0.06611933  0.06611933  0.06611933  0.06611933  0.06611933  0.06611933
  0.06611933  0.06611933  0.06611933  0.06611933  0.06611933  0.06611933
  0.06611933  0.06611933  0.06611933  0.06611933  0.06611933  0.06611933
  0.06611933  0.06611933  0.06611933  0.06611933  0.06611933  0.06611933
  0.06611933  0.06611933  0.06611933  0.06611933  0.06611933  0.06611933
  0.06611933  0.06611933  0.06611933  0.06611933  0.06611933  0.06611933
  0.06611933  0.06611933  0.06611933  0.06611933  0.06611933  0.06611933
  0.06611933  0.06611933  0.06611933  0.06611933  0.06611933  0.06611933
  0.06611933  0.06611933  0.06611933  0.06611933  0.06611933  0.06611933
  0.06611933  0.06611933  0.06611933  0.06611933  0.06611933  0.06611933
  0.06611933  0.06611933  0.06611933  0.06611933  0.06611933  0.06611933
  0.06611933  0.06611933  0.06611933  0.06611933  0.06611933  0.06611933
  0.06611933  0.06611933  0.06611933  0.06611933  0.06611933  0.06611933
  0.06611933  0.06611933  0.06611933  0.06611933  0.06611933  0.06611933
  0.06611933  0.06611933  0.06611933  0.06611933  0.06611933  0.06611933
  0.06611933  0.06611933  0.06611933  0.06611933  0.06611933  0.06611933
  0.06611933  0.06611933  0.06611933  0.06611933  0.06611933  0.06611933
  0.06611933  0.06611933  0.06611933  0.06611933  0.06611933  0.06611933
  0.06611933  0.06611933  0.06611933  0.06611933  0.06611933  0.06611933
  0.06611933  0.06611933  0.06611933  0.06611933  0.06611933  0.06611933
  0.06611933  0.06611933  0.06611933  0.06611933  0.06611933  0.06611933
  0.06611933  0.06611933  0.06611933  0.06611933  0.06611933  0.06611933
  0.06611933  0.06611933  0.06611933  0.06611933  0.06611933  0.06611933
  0.06611933  0.06611933  0.06611933  0.06611933  0.06611933  0.06611933
  0.06611933  0.06611933  0.06611933  0.06611933  0.06611933  0.06611933
  0.06611933  0.06611933  0.06611933  0.06611933  0.06611933  0.06611933
  0.06611933  0.06611933  0.06611933  0.06611933  0.06611933  0.06611933
  0.06611933  0.06611933  0.06611933  0.06611933  0.06611933  0.06611933
  0.06611933  0.06611933  0.06611933  0.06611933  0.06611933  0.06611933
  0.06611933  0.06611933  0.06611933  0.06611933  0.06611933  0.06611933
  0.06611933  0.06611933  0.06611933  0.06611933  0.06611933  0.06611933
  0.06611933  0.06611933  0.06611933  0.06611933  0.06611933  0.06611933
  0.06611933  0.06611933  0.06611933  0.06611933  0.06611933  0.06611933
  0.06611933  0.06611933  0.06611933  0.06611933  0.06611933  0.06611933
  0.06611933  0.06611933  0.06611933  0.06611933  0.06611933  0.06611933
  0.06611933  0.06611933  0.06611933  0.06611933  0.06611933  0.06611933
  0.06611933  0.06611933  0.06611933  0.06611933  0.06611933  0.06611933
  0.06611933  0.06611933  0.06611933  0.06611933  0.06611933  0.06611933
  0.06611933  0.06611933  0.06611933  0.06611933  0.06611933  0.06611933
  0.06611933  0.06611933  0.06611933  0.06611933  0.06611933  0.06611933
  0.06611933  0.06611933  0.06611933  0.06611933  0.06611933  0.06611933
  0.06611933  0.06611933  0.06611933  0.06611933  0.06611933  0.06611933
  0.06611933  0.06611933  0.06611933  0.06611933  0.06611933  0.06611933
  0.06611933  0.06611933  0.06611933  0.06611933  0.06611933  0.06611933
  0.06611933  0.06611933  0.06611933  0.06611933  0.06611933  0.06611933
  0.06611933  0.06611933  0.06611933  0.06611933  0.06611933  0.06611933
  0.06611933  0.06611933  0.06611933  0.06611933  0.06611933  0.06611933
  0.06611933  0.06611933  0.06611933  0.06611933  0.06611933  0.06611933
  0.06611933  0.06611933  0.06611933  0.06611933  0.06611933  0.06611933
  0.06611933  0.06611933  0.06611933  0.06611933  0.06611933  0.06611933
  0.06611933  0.06611933  0.06611933  0.06611933  0.06611933  0.06611933
  0.06611933  0.06611933  0.06611933  0.06611933  0.06611933  0.06611933
  0.06611933  0.06611933  0.06611933  0.06611933  0.06611933  0.06611933
  0.06611933  0.06611933  0.06611933  0.06611933  0.06611933  0.06611933
  0.06611933  0.06611933  0.06611933  0.06611933  0.06611933  0.06611933
  0.06611933  0.06611933  0.06611933  0.06611933  0.06611933  0.06611933
  0.06611933  0.06611933  0.06611933  0.06611933  0.06611933  0.06611933
  0.06611933  0.06611933  0.06611933  0.06611933  0.06611933  0.06611933
  0.06611933  0.06611933  0.06611933  0.06611933  0.06611933  0.06611933
  0.06611933  0.06611933  0.06611933  0.06611933  0.06611933  0.06611933
  0.06611933  0.06611933  0.06611933  0.06611933  0.06611933  0.06611933
  0.06611933  0.06611933  0.06611933  0.06611933  0.06611933  0.06611933
  0.06611933  0.06611933  0.06611933  0.06611933  0.06611933  0.06611933
  0.06611933  0.06611933  0.06611933  0.06611933  0.06611933  0.06611933
  0.06611933  0.06611933  0.06611933  0.06611933  0.06611933  0.06611933
  0.06611933  0.06611933  0.06611933  0.06611933  0.06611933  0.06611933
  0.06611933  0.06611933  0.06611933  0.06611933  0.06611933  0.06611933
  0.06611933  0.06611933  0.06611933  0.06611933  0.06611933  0.06611933
  0.06611933  0.06611933  0.06611933  0.06611933  0.06611933  0.06611933
  0.06611933  0.06611933  0.06611933  0.06611933  0.06611933  0.06611933
  0.06611933  0.06611933  0.06611933  0.06611933  0.06611933  0.06611933
  0.06611933  0.06611933  0.06611933  0.06611933  0.06611933  0.06611933
  0.06611933  0.06611933  0.06611933  0.06611933  0.06611933  0.06611933
  0.06611933  0.06611933  0.06611933  0.06611933  0.06611933  0.06611933
  0.06611933  0.06611933  0.06611933  0.06611933  0.06611933  0.06611933
  0.06611933  0.06611933  0.06611933  0.06611933  0.06611933  0.06611933
  0.06611933  0.06611933  0.06611933  0.06611933  0.06611933  0.06611933
  0.06611933  0.06611933  0.06611933  0.06611933  0.06611933  0.06611933
  0.06611933  0.06611933  0.06611933  0.06611933  0.06611933  0.06611933
  0.06611933  0.06611933  0.06611933  0.06611933  0.06611933  0.06611933
  0.06611933  0.06611933  0.06611933  0.06611933  0.06611933  0.06611933
  0.06611933  0.06611933  0.06611933  0.06611933  0.06611933  0.06611933
  0.06611933  0.06611933  0.06611933  0.06611933  0.06611933  0.06611933
  0.06611933  0.06611933  0.06611933  0.06611933  0.06611933  0.06611933
  0.06611933  0.06611933  0.06611933  0.06611933  0.06611933  0.06611933
  0.06611933  0.06611933  0.06611933  0.06611933  0.06611933  0.06611933
  0.06611933  0.06611933  0.06611933  0.06611933  0.06611933  0.06611933
  0.06611933  0.06611933  0.06611933  0.06611933  0.06611933  0.06611933
  0.06611933  0.06611933  0.06611933  0.06611933  0.06611933  0.06611933
  0.06611933  0.06611933  0.06611933  0.06611933  0.06611933  0.06611933
  0.06611933  0.06611933  0.06611933  0.06611933  0.06611933  0.06611933
  0.06611933  0.06611933  0.06611933  0.06611933  0.06611933  0.06611933
  0.06611933  0.06611933  0.06611933  0.06611933  0.06611933  0.06611933
  0.06611933  0.06611933  0.06611933  0.06611933  0.06611933  0.06611933
  0.06611933  0.06611933  0.06611933  0.06611933  0.06611933  0.06611933
  0.06611933  0.06611933  0.06611933  0.06611933  0.06611933  0.06611933
  0.06611933  0.06611933  0.06611933  0.06611933  0.06611933  0.06611933
  0.06611933  0.06611933  0.06611933  0.06611933  0.06611933  0.06611933
  0.06611933  0.06611933  0.06611933  0.06611933  0.06611933  0.06611933
  0.06611933  0.06611933  0.06611933  0.06611933  0.06611933  0.06611933
  0.06611933  0.06611933  0.06611933  0.06611933  0.06611933  0.06611933
  0.06611933  0.06611933  0.06611933  0.06611933  0.06611933  0.06611933
  0.06611933  0.06611933  0.06611933  0.06611933],
[  1.23873614e-01   1.23873614e-01   1.23873614e-01   1.23873614e-01
   1.34627165e-01   1.34627165e-01   1.34627165e-01   1.34627165e-01
   1.34627165e-01   1.34627165e-01   1.34627165e-01   1.34627165e-01
   1.34627165e-01   1.25835902e-01   1.25835902e-01   1.25835902e-01
   1.25835902e-01   1.25835902e-01   1.25835902e-01   1.25835902e-01
   1.25835902e-01   1.25835902e-01   1.25835902e-01   1.25835902e-01
   1.25835902e-01   1.25835902e-01   1.25835902e-01   1.25835902e-01
   1.25835902e-01   1.25835902e-01   1.25835902e-01   1.25835902e-01
   1.25835902e-01   1.25835902e-01   1.25835902e-01   1.25835902e-01
   1.25835902e-01   1.25835902e-01   1.25169126e-01   1.25169126e-01
   1.25169126e-01   1.25169126e-01   1.25169126e-01   1.25169126e-01
   1.25169126e-01   1.25169126e-01   1.25169126e-01   1.25169126e-01
   1.25169126e-01   1.25169126e-01   1.25169126e-01   1.25169126e-01
   1.25169126e-01   1.25169126e-01   1.25169126e-01   1.25169126e-01
   1.17106991e-01   1.17106991e-01   1.17106991e-01   1.17106991e-01
   1.17106991e-01   1.17106991e-01   1.05409793e-01   1.09667663e-01
   7.78617350e-02   6.91698631e-02   6.91698631e-02   6.91698631e-02
   6.91698631e-02   6.91698631e-02   6.91698631e-02   6.91698631e-02
   6.91698631e-02   6.91698631e-02   6.91698631e-02   6.91698631e-02
   6.91698631e-02   6.91698631e-02   6.91698631e-02   6.91698631e-02
   6.91698631e-02   6.91698631e-02   6.91698631e-02   6.91698631e-02
   6.91698631e-02   6.91698631e-02   6.91698631e-02   6.91698631e-02
   6.91698631e-02   6.91698631e-02   6.91698631e-02   6.91698631e-02
   6.91698631e-02   6.91698631e-02   6.91698631e-02   6.91698631e-02
   6.91698631e-02   6.91698631e-02   6.91698631e-02   6.91698631e-02
   6.91698631e-02   6.91698631e-02   6.91698631e-02   6.91698631e-02
   6.91698631e-02   6.91698631e-02   6.91698631e-02   6.91698631e-02
   6.91698631e-02   6.91698631e-02   6.91698631e-02   6.91698631e-02
   6.91698631e-02   6.91698631e-02   6.91698631e-02   6.91698631e-02
   6.91698631e-02   6.91698631e-02   6.91698631e-02   6.91698631e-02
   6.91698631e-02   6.91698631e-02   6.91698631e-02   6.91698631e-02
   6.91698631e-02   6.91698631e-02   6.91698631e-02   6.91698631e-02
   6.91698631e-02   6.91698631e-02   6.91698631e-02   6.91698631e-02
   6.91698631e-02   6.91698631e-02   6.91698631e-02   6.91698631e-02
   6.91698631e-02   6.91698631e-02   6.91698631e-02   6.91698631e-02
   6.91698631e-02   6.91698631e-02   6.91698631e-02   6.91698631e-02
   6.91698631e-02   6.91698631e-02   6.91698631e-02   6.91698631e-02
   6.91698631e-02   6.91698631e-02   6.91698631e-02   6.91698631e-02
   6.91698631e-02   6.91698631e-02   6.91698631e-02   6.91698631e-02
   6.91698631e-02   6.91698631e-02   6.91698631e-02   6.91698631e-02
   6.91698631e-02   6.91698631e-02   6.91698631e-02   6.91698631e-02
   6.91698631e-02   6.91698631e-02   6.91698631e-02   6.91698631e-02
   6.91698631e-02   6.91698631e-02   6.91698631e-02   6.91698631e-02
   6.91698631e-02   6.91698631e-02   6.91698631e-02   6.91698631e-02
   6.91698631e-02   6.91698631e-02   6.91698631e-02   6.91698631e-02
   6.91698631e-02   6.91698631e-02   6.91698631e-02   6.91698631e-02
   6.91698631e-02   6.91698631e-02   6.91698631e-02   6.91698631e-02
   6.91698631e-02   6.91698631e-02   6.91698631e-02   6.91698631e-02
   6.91698631e-02   6.91698631e-02   6.91698631e-02   6.91698631e-02
   6.91698631e-02   6.91698631e-02   6.91698631e-02   6.91698631e-02
   6.91698631e-02   6.91698631e-02   6.91698631e-02   6.91698631e-02
   6.91698631e-02   6.91698631e-02   6.91698631e-02   6.91698631e-02
   6.91698631e-02   6.91698631e-02   6.91698631e-02   6.91698631e-02
   6.91698631e-02   6.91698631e-02   6.91698631e-02   6.91698631e-02
   6.91698631e-02   6.91698631e-02   6.91698631e-02   6.91698631e-02
   6.91698631e-02   6.91698631e-02   6.91698631e-02   6.91698631e-02
   6.91698631e-02   6.91698631e-02   6.91698631e-02   6.07299714e-02
   6.07299714e-02   6.07299714e-02   6.07299714e-02   6.07299714e-02
   6.07299714e-02   6.07299714e-02   6.07299714e-02   6.07299714e-02
   6.07299714e-02   6.07299714e-02   6.07299714e-02   6.07299714e-02
   6.07299714e-02   6.07299714e-02   6.07299714e-02   6.07299714e-02
   6.07299714e-02   6.07299714e-02   6.07299714e-02   6.07299714e-02
   6.07299714e-02   6.07299714e-02   6.07299714e-02   6.07299714e-02
   8.33660824e-02   8.78051376e-02   8.78051376e-02   7.05542253e-02
   7.05542253e-02   7.05542253e-02   7.05542253e-02   7.05542253e-02
   7.05542253e-02   7.05542253e-02   7.05542253e-02   7.05542253e-02
   7.05542253e-02   7.05542253e-02   7.05542253e-02   7.05542253e-02
   7.05542253e-02   7.05542253e-02   7.05542253e-02   7.05542253e-02
   7.05542253e-02   7.05542253e-02   7.05542253e-02   7.05542253e-02
   7.05542253e-02   7.05542253e-02   7.05542253e-02   7.05542253e-02
   7.05542253e-02   7.05542253e-02   7.05542253e-02   6.13799401e-02
   6.13799401e-02   6.13799401e-02   3.33507677e-02   1.23370621e-03
   1.23370621e-03   1.23370621e-03   1.23370621e-03   1.23370621e-03
   3.22222400e-03   3.22222400e-03   3.22222400e-03   3.22222400e-03
   3.22222400e-03   2.06509718e-03   1.54199980e-03   1.54199980e-03
   1.54199980e-03   1.54199980e-03   1.54199980e-03   1.54199980e-03
   1.54199980e-03   1.54199980e-03   1.54199980e-03   1.54199980e-03
   1.54199980e-03   1.54199980e-03   1.54199980e-03   1.54199980e-03
   1.54199980e-03   1.54199980e-03   1.54199980e-03   1.54199980e-03
   1.54199980e-03   1.54199980e-03   1.54199980e-03   1.54199980e-03
   1.54199980e-03   1.54199980e-03   1.54199980e-03   1.54199980e-03
   1.54199980e-03   1.54199980e-03   1.54199980e-03   1.54199980e-03
   1.54199980e-03   1.54199980e-03   1.54199980e-03   1.54199980e-03
   1.54199980e-03   1.54199980e-03   1.54199980e-03   1.54199980e-03
   1.54199980e-03   1.54199980e-03   1.54199980e-03   1.54199980e-03
   1.54199980e-03   1.54199980e-03   1.54199980e-03   1.54199980e-03
   1.54199980e-03   1.54199980e-03   1.54199980e-03   1.54199980e-03
   1.54199980e-03   1.54199980e-03   1.54199980e-03   1.54199980e-03
   1.54199980e-03   1.54199980e-03   1.54199980e-03   1.54199980e-03
   1.54199980e-03   1.54199980e-03   1.54199980e-03   1.54199980e-03
   1.54199980e-03   1.54199980e-03   1.54199980e-03   1.54199980e-03
   1.54199980e-03   1.54199980e-03   1.54199980e-03   1.54199980e-03
   1.54199980e-03   1.54199980e-03   1.54199980e-03   1.54199980e-03
   1.54199980e-03   1.54199980e-03   1.54199980e-03   1.54199980e-03
   1.54199980e-03   1.54199980e-03   1.54199980e-03   1.54199980e-03
   1.54199980e-03   1.54199980e-03   1.54199980e-03   1.54199980e-03
   1.54199980e-03   1.54199980e-03   1.54199980e-03   1.54199980e-03
   1.54199980e-03   1.54199980e-03   1.54199980e-03   1.54199980e-03
   1.54199980e-03   1.54199980e-03   1.54199980e-03   1.54199980e-03
   1.54199980e-03   1.54199980e-03   1.54199980e-03   1.54199980e-03
   1.54199980e-03   1.54199980e-03   1.54199980e-03   1.54199980e-03
   1.54199980e-03   1.54199980e-03   1.54199980e-03   1.54199980e-03
   1.54199980e-03   1.54199980e-03   1.54199980e-03   1.54199980e-03
   1.54199980e-03   1.54199980e-03   1.54199980e-03   1.54199980e-03
   1.54199980e-03   1.54199980e-03   1.54199980e-03   1.54199980e-03
   1.54199980e-03   1.54199980e-03   1.54199980e-03   1.54199980e-03
   1.54199980e-03   1.54199980e-03   1.54199980e-03   1.54199980e-03
   1.54199980e-03   1.54199980e-03   1.54199980e-03   1.54199980e-03
   1.54199980e-03   1.54199980e-03   1.54199980e-03   1.54199980e-03
   1.54199980e-03   1.54199980e-03   1.54199980e-03   1.54199980e-03
   1.54199980e-03   1.54199980e-03   1.54199980e-03   1.54199980e-03
   1.54199980e-03   1.54199980e-03   1.54199980e-03   1.54199980e-03
   1.54199980e-03   1.54199980e-03   1.54199980e-03   1.54199980e-03
   1.54199980e-03   1.54199980e-03   1.54199980e-03   1.54199980e-03
   1.54199980e-03   1.54199980e-03   1.54199980e-03   1.54199980e-03
   1.54199980e-03   1.54199980e-03   1.54199980e-03   1.54199980e-03
   1.54199980e-03   1.54199980e-03   1.54199980e-03   1.54199980e-03
   1.54199980e-03   1.54199980e-03   1.54199980e-03   1.54199980e-03
   1.54199980e-03   1.54199980e-03   1.54199980e-03   1.54199980e-03
   1.54199980e-03   1.54199980e-03   1.54199980e-03   1.54199980e-03
   1.54199980e-03   1.54199980e-03   1.54199980e-03   1.54199980e-03
   1.54199980e-03   1.54199980e-03   1.54199980e-03   1.54199980e-03
   1.54199980e-03   1.54199980e-03   1.54199980e-03   1.54199980e-03
   1.54199980e-03   1.54199980e-03   1.54199980e-03   1.54199980e-03
   1.54199980e-03   1.54199980e-03   1.54199980e-03   1.54199980e-03
   1.54199980e-03   1.54199980e-03   1.54199980e-03   1.54199980e-03
   1.54199980e-03   1.54199980e-03   1.54199980e-03   1.54199980e-03
   1.54199980e-03   1.54199980e-03   1.54199980e-03   1.54199980e-03
   1.54199980e-03   1.54199980e-03   1.54199980e-03   1.54199980e-03
   1.54199980e-03   1.54199980e-03   1.54199980e-03   1.54199980e-03
   1.54199980e-03   1.54199980e-03   1.54199980e-03   1.54199980e-03
   1.54199980e-03   1.54199980e-03   1.54199980e-03   1.54199980e-03
   1.54199980e-03   1.54199980e-03   1.54199980e-03   1.54199980e-03
   1.54199980e-03   1.54199980e-03   1.54199980e-03   1.54199980e-03
   1.54199980e-03   1.54199980e-03   1.54199980e-03   1.54199980e-03
   1.54199980e-03   1.54199980e-03   1.54199980e-03   1.54199980e-03
   1.54199980e-03   1.54199980e-03   1.54199980e-03   1.54199980e-03
   1.54199980e-03   1.54199980e-03   1.54199980e-03   1.54199980e-03
   1.54199980e-03   1.54199980e-03   1.54199980e-03   1.54199980e-03
   1.54199980e-03   1.54199980e-03   1.54199980e-03   1.54199980e-03
   1.54199980e-03   1.54199980e-03   1.54199980e-03   1.54199980e-03
   1.54199980e-03   1.54199980e-03   1.54199980e-03   1.54199980e-03
   1.54199980e-03   1.54199980e-03   1.54199980e-03   1.54199980e-03
   1.54199980e-03   1.54199980e-03   1.54199980e-03   1.54199980e-03
   1.54199980e-03   1.54199980e-03   1.54199980e-03   1.54199980e-03
   1.54199980e-03   1.54199980e-03   1.54199980e-03   1.54199980e-03
   1.54199980e-03   1.54199980e-03   1.54199980e-03   1.54199980e-03
   1.54199980e-03   1.54199980e-03   1.54199980e-03   1.54199980e-03
   1.54199980e-03   1.54199980e-03   1.54199980e-03   1.54199980e-03
   1.54199980e-03   1.54199980e-03   1.54199980e-03   1.54199980e-03
   1.54199980e-03   1.54199980e-03   1.54199980e-03   1.54199980e-03
   1.54199980e-03   1.54199980e-03   1.54199980e-03   1.54199980e-03
   1.54199980e-03   1.54199980e-03   1.54199980e-03   1.54199980e-03
   1.54199980e-03   1.54199980e-03   1.54199980e-03   1.54199980e-03
   1.54199980e-03   1.54199980e-03   1.54199980e-03   1.54199980e-03
   1.54199980e-03   1.54199980e-03   1.54199980e-03   1.54199980e-03
   1.54199980e-03   1.54199980e-03   1.54199980e-03   1.54199980e-03
   1.54199980e-03   1.54199980e-03   1.54199980e-03   1.54199980e-03
   1.54199980e-03   1.54199980e-03   1.54199980e-03   1.54199980e-03
   1.54199980e-03   1.54199980e-03   1.54199980e-03   1.54199980e-03
   1.54199980e-03   9.54416437e-03   6.07652445e-03   6.07652445e-03
   6.07652445e-03   6.07652445e-03   6.07652445e-03   6.07652445e-03
   6.07652445e-03   6.07652445e-03   6.07652445e-03   6.07652445e-03
   6.07652445e-03   6.07652445e-03   6.07652445e-03   6.07652445e-03
   6.07652445e-03   6.07652445e-03   6.07652445e-03   6.07652445e-03
   6.07652445e-03   6.07652445e-03   6.07652445e-03   6.07652445e-03
   6.07652445e-03   6.07652445e-03   5.86285342e-03   5.86285342e-03
   5.86285342e-03   5.86285342e-03   5.86285342e-03   5.86285342e-03
   5.86285342e-03   5.86285342e-03   5.86285342e-03   1.11649226e-03
   1.11649226e-03   1.11223418e-03   8.68580756e-04   8.68580756e-04
   8.68580756e-04   8.68580756e-04   8.68580756e-04   8.68580756e-04
   8.68580756e-04   4.15678480e-04   4.15678480e-04   4.15678480e-04
   4.15678480e-04   2.82278728e-04   2.82278728e-04   2.82278728e-04
   2.82278728e-04   3.26784821e-03   5.44767087e-03   6.63574410e-03
   3.09726356e-03   9.88433171e-03   9.88433171e-03   9.88433171e-03
   1.96971338e-02   1.23994890e-02   1.03880888e-02   1.03880888e-02
   7.04830372e-03   7.04830372e-03   7.04830372e-03   2.30977371e-02
   2.20247070e-02   2.20247070e-02   2.20247070e-02   2.20247070e-02
   2.20247070e-02   2.20247070e-02   2.20247070e-02   2.20247070e-02
   2.20247070e-02   2.20247070e-02   2.20247070e-02   2.20247070e-02
   2.20247070e-02   2.20247070e-02   2.20247070e-02   1.32380352e-02
   1.71107876e-02   1.67605727e-02   3.20595067e-02   2.98317872e-02
   2.98317872e-02   2.68824982e-02   4.70681858e-03   4.70681858e-03
   4.70681858e-03   4.70681858e-03   4.70681858e-03   4.70681858e-03
   4.70681858e-03   4.70681858e-03   4.70681858e-03   4.70681858e-03
   4.70681858e-03   4.70681858e-03   4.70681858e-03   4.70681858e-03
   4.70681858e-03   4.70681858e-03   4.70681858e-03   4.70681858e-03
   4.70681858e-03   4.70681858e-03   4.70681858e-03   4.70681858e-03
   4.70681858e-03   4.70681858e-03   3.07455327e-04   3.07455327e-04
   4.49667474e-03   7.22176390e-06   7.22176390e-06   7.22176390e-06
   7.22176390e-06   1.13849702e-03   1.13849702e-03   1.13849702e-03
   2.08209348e-03   2.08209348e-03   2.08209348e-03   2.08209348e-03
   2.08209348e-03   2.08209348e-03   2.08209348e-03   2.08209348e-03
   5.20196117e-03   3.58127241e-03   5.20196117e-03   5.20196117e-03
   5.20196117e-03   5.20196117e-03   1.08141241e-02   1.67884633e-03
   1.67884633e-03   1.67884633e-03   1.67884633e-03   1.67884633e-03
   1.67884633e-03   1.67884633e-03   1.67884633e-03   3.37589868e-03
   3.37589868e-03   3.37589868e-03   3.37589868e-03   2.53876439e-03
   2.53876439e-03   2.53876439e-03   2.53876439e-03   2.53876439e-03
   2.53876439e-03   2.53876439e-03   2.53876439e-03   8.47582902e-04
   8.47582902e-04   8.47582902e-04   2.24574795e-03   2.24574795e-03
   2.24574795e-03   2.24574795e-03   2.24574795e-03   2.24574795e-03
   2.40576967e-04   2.40576967e-04   2.40576967e-04   2.40576967e-04
   2.40576967e-04   2.40576967e-04   2.40576967e-04   2.40576967e-04
   2.40576967e-04   2.40576967e-04   2.40576967e-04   2.40576967e-04
   2.40576967e-04   2.40576967e-04   2.40576967e-04   2.40576967e-04
   2.40576967e-04   2.40576967e-04   2.40576967e-04   2.40576967e-04
   5.93215456e-04   5.93215456e-04   5.93215456e-04   5.93215456e-04
   5.93215456e-04   5.93215456e-04   5.93215456e-04   5.93215456e-04
   5.93215456e-04   5.93215456e-04   5.93215456e-04   5.93215456e-04
   5.93215456e-04   5.93215456e-04   5.93215456e-04   5.93215456e-04
   5.93215456e-04   5.93215456e-04   5.93215456e-04   5.93215456e-04
   5.93215456e-04   5.93215456e-04   5.93215456e-04   5.93215456e-04
   5.93215456e-04   5.93215456e-04   5.93215456e-04   5.93215456e-04
   5.93215456e-04   5.93215456e-04   5.93215456e-04   5.93215456e-04
   5.93215456e-04   5.93215456e-04   5.93215456e-04   5.93215456e-04
   5.93215456e-04   5.93215456e-04   5.93215456e-04   5.93215456e-04
   5.93215456e-04   5.93215456e-04   5.93215456e-04   5.93215456e-04
   5.93215456e-04   5.93215456e-04   5.93215456e-04   5.93215456e-04
   5.93215456e-04   5.93215456e-04   5.93215456e-04   5.93215456e-04
   5.93215456e-04   5.93215456e-04   5.93215456e-04   5.93215456e-04
   5.93215456e-04   5.93215456e-04   5.93215456e-04   5.93215456e-04
   5.93215456e-04   5.93215456e-04   5.93215456e-04   5.93215456e-04
   5.93215456e-04   5.93215456e-04   5.93215456e-04   5.93215456e-04
   5.93215456e-04   5.93215456e-04   5.93215456e-04   1.48741139e-03
   1.48741139e-03   1.48741139e-03   1.48741139e-03   1.48741139e-03
   1.48741139e-03   1.48741139e-03   1.48741139e-03   1.48741139e-03
   1.48741139e-03   1.48741139e-03   1.48741139e-03   1.48741139e-03
   1.48741139e-03   2.58525549e-04   2.58525549e-04   2.58525549e-04
   2.58525549e-04   2.58525549e-04   2.58525549e-04   2.58525549e-04
   2.58525549e-04   4.92334525e-03   6.88676212e-03   1.92063181e-03
   6.59195219e-03   6.73024989e-03   3.04296185e-03   1.02041839e-03
   5.30192066e-03   1.11270111e-03   8.92933400e-03   8.92933400e-03
   1.92050066e-02   2.14209956e-02   2.22043541e-02   2.70851897e-02
   2.11705271e-02   2.39220468e-02   2.64657139e-02   2.64657139e-02
   2.63769177e-02   2.74768899e-02   2.78378543e-02   2.78378543e-02
   2.93145696e-02   2.98647820e-02   2.98647820e-02   2.98647820e-02
   2.98647820e-02   2.98647820e-02   2.98647820e-02   2.98647820e-02
   2.98647820e-02   2.98647820e-02   2.98647820e-02   2.98647820e-02
   2.98647820e-02   2.98647820e-02   2.98647820e-02   2.98647820e-02
   2.98647820e-02   2.98647820e-02   2.98647820e-02   4.32791866e-02
   2.81328685e-02   2.74279376e-02   3.16227097e-02   3.16227097e-02
   3.16227097e-02   4.74881262e-02   4.58805547e-02   4.94721101e-02
   2.27363972e-02   2.34023914e-02   9.99014243e-03   7.15688885e-03
   1.14154759e-02   7.60165471e-03   7.60165471e-03   8.35917009e-03
   5.27722403e-03   2.47100537e-03   3.75951831e-03   7.07270088e-05
   7.07270088e-05   7.07270088e-05   2.14041554e-03   2.14357080e-03
   4.85407486e-04   4.85407486e-04   1.70745736e-02   7.16251717e-03
   5.73245856e-06   5.73245856e-06   5.12199140e-03   4.45499878e-03
   4.45499878e-03   4.45499878e-03   4.45499878e-03   6.48490214e-03],
[ 0.15485306  0.12300995  0.12300995  0.12300995  0.12300995  0.13429136
  0.14071078  0.13429136  0.13429136  0.13429136  0.13429136  0.13429136
  0.13429136  0.13429136  0.13429136  0.13429136  0.15403333  0.13673319
  0.13673319  0.13673319  0.13673319  0.13673319  0.13673319  0.13673319
  0.13673319  0.13673319  0.13673319  0.13673319  0.13673319  0.13673319
  0.13750203  0.13750203  0.13750203  0.13750203  0.13750203  0.13750203
  0.13750203  0.10874499  0.0859627   0.0859627   0.0859627   0.0859627
  0.0859627   0.0859627   0.0859627   0.0859627   0.0859627   0.0859627
  0.0859627   0.0859627   0.0859627   0.0859627   0.0859627   0.0859627
  0.0859627   0.0859627   0.0859627   0.0859627   0.0859627   0.0859627
  0.0859627   0.0859627   0.0859627   0.0859627   0.0859627   0.0859627
  0.0859627   0.0859627   0.0859627   0.0859627   0.0859627   0.0859627
  0.0859627   0.0859627   0.0859627   0.0859627   0.0859627   0.0859627
  0.0859627   0.0859627   0.0859627   0.0859627   0.0859627   0.0859627
  0.0859627   0.0859627   0.0859627   0.0859627   0.0859627   0.0859627
  0.0859627   0.0859627   0.0859627   0.0859627   0.0859627   0.0859627
  0.0859627   0.0859627   0.0859627   0.0859627   0.0859627   0.0859627
  0.0859627   0.0859627   0.0859627   0.0859627   0.0859627   0.0859627
  0.0859627   0.0859627   0.0859627   0.0859627   0.0859627   0.0859627
  0.0859627   0.0859627   0.0859627   0.0859627   0.0859627   0.0859627
  0.0859627   0.0859627   0.0859627   0.0859627   0.0859627   0.0859627
  0.0859627   0.0859627   0.0859627   0.0859627   0.0859627   0.0859627
  0.0859627   0.0859627   0.0859627   0.0859627   0.0859627   0.0859627
  0.0859627   0.0859627   0.0859627   0.0859627   0.0859627   0.0859627
  0.0859627   0.0859627   0.0859627   0.0859627   0.0859627   0.0859627
  0.0859627   0.0859627   0.0859627   0.0859627   0.0859627   0.0859627
  0.0859627   0.0859627   0.0859627   0.0859627   0.0859627   0.0859627
  0.0859627   0.0859627   0.0859627   0.0859627   0.0859627   0.0859627
  0.0859627   0.0859627   0.0859627   0.0859627   0.0859627   0.0859627
  0.0859627   0.0859627   0.0859627   0.0859627   0.0859627   0.0859627
  0.0859627   0.0859627   0.0859627   0.0859627   0.0859627   0.0859627
  0.0859627   0.0859627   0.0859627   0.0859627   0.0859627   0.0859627
  0.0859627   0.0859627   0.0859627   0.0859627   0.0859627   0.0859627
  0.0859627   0.0859627   0.0859627   0.0859627   0.0859627   0.0859627
  0.0859627   0.0859627   0.0859627   0.0859627   0.0859627   0.0859627
  0.0859627   0.0859627   0.0859627   0.0859627   0.0859627   0.0859627
  0.0859627   0.0859627   0.0859627   0.0859627   0.0859627   0.0859627
  0.0859627   0.0859627   0.0859627   0.0859627   0.0859627   0.0859627
  0.0859627   0.0859627   0.0859627   0.0859627   0.0859627   0.0859627
  0.0859627   0.0859627   0.0859627   0.0859627   0.0859627   0.0859627
  0.0859627   0.0859627   0.0859627   0.0859627   0.0859627   0.0859627
  0.0859627   0.0859627   0.0859627   0.0859627   0.0859627   0.0859627
  0.0859627   0.0859627   0.0859627   0.0859627   0.0859627   0.0859627
  0.0859627   0.0859627   0.0859627   0.0859627   0.0859627   0.0859627
  0.0859627   0.0859627   0.0859627   0.0859627   0.0859627   0.0859627
  0.0859627   0.0859627   0.0859627   0.0859627   0.0859627   0.0859627
  0.0859627   0.0859627   0.0859627   0.0859627   0.0859627   0.0859627
  0.0859627   0.0859627   0.0859627   0.0859627   0.0859627   0.0859627
  0.0859627   0.0859627   0.0859627   0.0859627   0.0859627   0.0859627
  0.0859627   0.0859627   0.0859627   0.0859627   0.0859627   0.0859627
  0.0859627   0.0859627   0.0859627   0.0859627   0.0859627   0.0859627
  0.0859627   0.0859627   0.0859627   0.0859627   0.0859627   0.0859627
  0.0859627   0.0859627   0.0859627   0.0859627   0.0859627   0.0859627
  0.0859627   0.0859627   0.0859627   0.0859627   0.0859627   0.0859627
  0.0859627   0.0859627   0.0859627   0.0859627   0.0859627   0.0859627
  0.0859627   0.0859627   0.0859627   0.0859627   0.0859627   0.0859627
  0.0859627   0.0859627   0.0859627   0.0859627   0.0859627   0.0859627
  0.0859627   0.0859627   0.0859627   0.0859627   0.0859627   0.0859627
  0.0859627   0.0859627   0.0859627   0.0859627   0.0859627   0.0859627
  0.0859627   0.0859627   0.0859627   0.0859627   0.0859627   0.0859627
  0.0859627   0.0859627   0.0859627   0.0859627   0.0859627   0.0859627
  0.0859627   0.0859627   0.0859627   0.0859627   0.0859627   0.0859627
  0.0859627   0.0859627   0.0859627   0.0859627   0.0859627   0.0859627
  0.0859627   0.0859627   0.0859627   0.0859627   0.0859627   0.0859627
  0.0859627   0.0859627   0.0859627   0.0859627   0.0859627   0.0859627
  0.0859627   0.0859627   0.0859627   0.0859627   0.0859627   0.0859627
  0.0859627   0.0859627   0.0859627   0.0859627   0.0859627   0.0859627
  0.0859627   0.0859627   0.0859627   0.0859627   0.0859627   0.0859627
  0.0859627   0.0859627   0.0859627   0.0859627   0.0859627   0.0859627
  0.0859627   0.0859627   0.0859627   0.0859627   0.0859627   0.0859627
  0.0859627   0.0859627   0.0859627   0.0859627   0.0859627   0.0859627
  0.0859627   0.0859627   0.0859627   0.0859627   0.0859627   0.0859627
  0.0859627   0.0859627   0.0859627   0.0859627   0.0859627   0.0859627
  0.0859627   0.0859627   0.0859627   0.0859627   0.0859627   0.0859627
  0.0859627   0.0859627   0.0859627   0.0859627   0.0859627   0.0859627
  0.0859627   0.0859627   0.0859627   0.0859627   0.0859627   0.0859627
  0.0859627   0.0859627   0.0859627   0.0859627   0.0859627   0.0859627
  0.0859627   0.0859627   0.0859627   0.0859627   0.0859627   0.0859627
  0.0859627   0.0859627   0.0859627   0.10469598  0.09838264  0.10162567
  0.10256194  0.10256194  0.10256194  0.10256194  0.10256194  0.10256194
  0.10256194  0.10256194  0.10256194  0.10256194  0.10256194  0.10256194
  0.10256194  0.10256194  0.10256194  0.10256194  0.10256194  0.10256194
  0.10256194  0.10256194  0.10256194  0.10256194  0.10256194  0.10256194
  0.10256194  0.10256194  0.10256194  0.10256194  0.10256194  0.10256194
  0.10256194  0.10256194  0.10256194  0.10256194  0.10256194  0.10256194
  0.10256194  0.10256194  0.10256194  0.10256194  0.10256194  0.10256194
  0.10256194  0.10256194  0.10256194  0.10256194  0.10256194  0.10256194
  0.10256194  0.10256194  0.10256194  0.10256194  0.10256194  0.10256194
  0.10256194  0.10256194  0.10256194  0.10256194  0.10256194  0.10256194
  0.10256194  0.10256194  0.10256194  0.10256194  0.10256194  0.10256194
  0.10256194  0.10256194  0.10256194  0.10256194  0.10256194  0.10256194
  0.10256194  0.10256194  0.10256194  0.10256194  0.10256194  0.10256194
  0.10256194  0.10256194  0.10256194  0.10256194  0.10256194  0.10256194
  0.10256194  0.10256194  0.10256194  0.10256194  0.10256194  0.10256194
  0.10256194  0.10256194  0.10256194  0.10256194  0.10256194  0.10256194
  0.10256194  0.10256194  0.10256194  0.10256194  0.10256194  0.10256194
  0.10256194  0.10256194  0.10256194  0.10256194  0.10256194  0.10256194
  0.10256194  0.10256194  0.10256194  0.10256194  0.10256194  0.10256194
  0.10256194  0.10256194  0.10256194  0.10256194  0.10256194  0.10256194
  0.10256194  0.10256194  0.10256194  0.10256194  0.10256194  0.10256194
  0.10256194  0.10256194  0.10256194  0.10256194  0.10256194  0.10256194
  0.10256194  0.10256194  0.10256194  0.10256194  0.10256194  0.10256194
  0.10256194  0.10256194  0.10256194  0.10256194  0.10256194  0.10256194
  0.10256194  0.10256194  0.10256194  0.10256194  0.10256194  0.10256194
  0.10256194  0.10256194  0.10256194  0.10256194  0.10256194  0.10256194
  0.10256194  0.10256194  0.10256194  0.10256194  0.10256194  0.10256194
  0.10256194  0.10256194  0.10256194  0.10256194  0.10256194  0.10256194
  0.10256194  0.10256194  0.10256194  0.10256194  0.10256194  0.10256194
  0.10256194  0.10256194  0.10256194  0.10256194  0.10256194  0.10256194
  0.10256194  0.10256194  0.10256194  0.10256194  0.10256194  0.10256194
  0.10256194  0.10256194  0.10256194  0.10256194  0.10256194  0.10256194
  0.10256194  0.10256194  0.10256194  0.10256194  0.10256194  0.10256194
  0.10256194  0.10256194  0.10256194  0.10256194  0.10256194  0.10256194
  0.10256194  0.10256194  0.10256194  0.10256194  0.10256194  0.10256194
  0.10256194  0.10256194  0.10256194  0.10256194  0.10256194  0.10256194
  0.10256194  0.10256194  0.10256194  0.10256194  0.10256194  0.10256194
  0.10256194  0.10256194  0.10256194  0.10256194  0.10256194  0.10256194
  0.10256194  0.10256194  0.10256194  0.10256194  0.10256194  0.10256194
  0.10256194  0.10256194  0.10256194  0.10256194  0.10256194  0.10256194
  0.10256194  0.10256194  0.10256194  0.10256194  0.10256194  0.10256194
  0.10256194  0.10256194  0.10256194  0.10256194  0.10256194  0.10256194
  0.10256194  0.10256194  0.10256194  0.10256194  0.10256194  0.10256194
  0.10256194  0.10256194  0.10256194  0.10256194  0.10256194  0.10256194
  0.10256194  0.10256194  0.10256194  0.10256194  0.11493391  0.10340545
  0.08947557  0.08050127  0.08050127  0.07538142  0.07303692  0.07303692
  0.07303692  0.07303692  0.07303692  0.07303692  0.07303692  0.07303692
  0.07303692  0.07303692  0.07303692  0.07303692  0.07303692  0.07303692
  0.07303692  0.07303692  0.07303692  0.07303692  0.07303692  0.07303692
  0.07303692  0.07303692  0.07303692  0.07303692  0.07303692  0.07303692
  0.07303692  0.07303692  0.07303692  0.07303692  0.07303692  0.07303692
  0.07303692  0.07303692  0.07303692  0.07303692  0.0845451   0.08121543
  0.08121543  0.07979274  0.06668372  0.06223304  0.04394539  0.04394539
  0.04038791  0.04038791  0.04038791  0.04038791  0.04038791  0.04038791
  0.04038791  0.04038791  0.04038791  0.04038791  0.04038791  0.04038791
  0.04038791  0.04038791  0.04038791  0.04038791  0.04038791  0.04038791
  0.04038791  0.04038791  0.04038791  0.04038791  0.04038791  0.04038791
  0.04038791  0.04038791  0.04038791  0.04038791  0.04038791  0.04038791
  0.04038791  0.04038791  0.04038791  0.04038791  0.04038791  0.04038791
  0.04038791  0.04038791  0.04038791  0.04038791  0.04038791  0.04038791
  0.04038791  0.04038791  0.04038791  0.04038791  0.04038791  0.04038791
  0.04038791  0.04038791  0.04038791  0.04038791  0.04038791  0.04038791
  0.04038791  0.04038791  0.04038791  0.04038791  0.04038791  0.04038791
  0.04038791  0.04038791  0.04038791  0.04038791  0.04038791  0.04038791
  0.04038791  0.04038791  0.04038791  0.04038791  0.04038791  0.04038791
  0.04038791  0.04038791  0.04038791  0.04038791  0.04038791  0.04038791
  0.04038791  0.04038791  0.04038791  0.04038791  0.04038791  0.04038791
  0.04038791  0.04038791  0.04038791  0.04038791  0.04038791  0.04038791
  0.04038791  0.04038791  0.04038791  0.04038791  0.04038791  0.04038791
  0.04038791  0.04038791  0.04038791  0.04038791  0.04038791  0.04038791
  0.04038791  0.04038791  0.04038791  0.04038791  0.04038791  0.04038791
  0.04038791  0.04038791  0.04038791  0.04038791  0.04038791  0.04038791
  0.04038791  0.04038791  0.04038791  0.04038791  0.04038791  0.04038791
  0.04038791  0.04038791  0.04038791  0.04038791  0.04038791  0.04038791
  0.04038791  0.04038791  0.04038791  0.04038791  0.04038791  0.04038791
  0.04038791  0.04038791  0.04038791  0.04038791  0.04038791  0.04038791
  0.04038791  0.04038791  0.04038791  0.04038791  0.04038791  0.04038791
  0.04038791  0.04038791  0.04038791  0.04038791  0.04038791  0.04038791
  0.04038791  0.04038791  0.04038791  0.04038791  0.04038791  0.04038791
  0.04038791  0.04038791  0.04038791  0.04038791  0.04038791  0.04038791
  0.04038791  0.04038791  0.04038791  0.04038791  0.04038791  0.04038791
  0.04038791  0.04038791  0.04038791  0.04038791  0.04038791  0.04038791
  0.04038791  0.04038791  0.04038791  0.04038791  0.04038791  0.04038791
  0.04038791  0.04038791  0.04038791  0.04038791  0.04038791  0.04038791
  0.04038791  0.04038791  0.04038791  0.04038791  0.04038791  0.04038791
  0.04038791  0.04038791  0.04038791  0.04038791  0.04038791  0.04038791
  0.04038791  0.04038791  0.04038791  0.04038791  0.04038791  0.04038791
  0.04038791  0.04038791  0.04038791  0.04038791],
[ 0.22463571  0.22463571  0.22150734  0.17633328  0.16890696  0.17025893
  0.17025893  0.17025893  0.17025893  0.17025893  0.17025893  0.17025893
  0.17025893  0.17025893  0.17025893  0.17025893  0.11577352  0.11577352
  0.11577352  0.11577352  0.11577352  0.11577352  0.11577352  0.11577352
  0.11577352  0.11577352  0.11577352  0.11577352  0.11577352  0.11577352
  0.11577352  0.10087686  0.09837412  0.09837412  0.09837412  0.09837412
  0.09837412  0.09837412  0.09837412  0.09837412  0.09837412  0.09837412
  0.09837412  0.09837412  0.09837412  0.09837412  0.09837412  0.09837412
  0.09837412  0.09837412  0.06272568  0.06272568  0.06272568  0.06272568
  0.06272568  0.06272568  0.06272568  0.06272568  0.06272568  0.06272568
  0.06272568  0.06272568  0.06272568  0.06272568  0.06272568  0.06272568
  0.06272568  0.06272568  0.06272568  0.06272568  0.06272568  0.06272568
  0.06272568  0.06272568  0.06272568  0.06272568  0.06272568  0.06272568
  0.06272568  0.06272568  0.06272568  0.06272568  0.06272568  0.06272568
  0.06272568  0.06272568  0.06272568  0.06272568  0.06272568  0.06272568
  0.06272568  0.06272568  0.06272568  0.06272568  0.06272568  0.06272568
  0.06272568  0.06272568  0.06272568  0.06272568  0.06272568  0.06272568
  0.06272568  0.06272568  0.06272568  0.06272568  0.06272568  0.06272568
  0.06272568  0.06272568  0.06272568  0.06272568  0.06272568  0.06272568
  0.06272568  0.06272568  0.06272568  0.06272568  0.06272568  0.06272568
  0.06272568  0.06272568  0.06272568  0.06272568  0.06272568  0.06272568
  0.06272568  0.06272568  0.06272568  0.06272568  0.06272568  0.06272568
  0.06272568  0.06272568  0.06272568  0.06272568  0.06272568  0.06272568
  0.06272568  0.06272568  0.06272568  0.06272568  0.06272568  0.06272568
  0.06272568  0.06272568  0.06272568  0.06272568  0.06272568  0.06272568
  0.06272568  0.06272568  0.06272568  0.06272568  0.06272568  0.06272568
  0.06272568  0.06272568  0.06272568  0.06272568  0.06272568  0.06272568
  0.06272568  0.06272568  0.06272568  0.06272568  0.06272568  0.06272568
  0.06272568  0.06272568  0.06272568  0.06272568  0.06272568  0.06272568
  0.06272568  0.06272568  0.06272568  0.06272568  0.06272568  0.06272568
  0.06272568  0.06272568  0.06272568  0.06272568  0.06272568  0.06272568
  0.06272568  0.06272568  0.06272568  0.06272568  0.06272568  0.06272568
  0.06272568  0.06272568  0.06272568  0.06272568  0.06272568  0.06272568
  0.06272568  0.06272568  0.06272568  0.06272568  0.06272568  0.06272568
  0.06272568  0.06272568  0.06272568  0.06272568  0.06272568  0.06272568
  0.06272568  0.06272568  0.06272568  0.06272568  0.06272568  0.06272568
  0.06272568  0.06272568  0.06272568  0.06272568  0.06272568  0.06272568
  0.06272568  0.06272568  0.06272568  0.06272568  0.06272568  0.06272568
  0.06272568  0.06272568  0.06272568  0.06272568  0.06272568  0.06272568
  0.06272568  0.06272568  0.06272568  0.06272568  0.06272568  0.06272568
  0.06272568  0.06272568  0.06272568  0.06272568  0.06272568  0.06272568
  0.06272568  0.06272568  0.06272568  0.06272568  0.06272568  0.06272568
  0.06272568  0.06272568  0.06272568  0.06272568  0.06272568  0.06272568
  0.06272568  0.06272568  0.06272568  0.06272568  0.06272568  0.06272568
  0.06272568  0.06272568  0.06272568  0.06272568  0.06272568  0.06272568
  0.06272568  0.06272568  0.06272568  0.06272568  0.06272568  0.06272568
  0.06272568  0.06272568  0.06272568  0.06272568  0.06272568  0.06272568
  0.06272568  0.06272568  0.06272568  0.06272568  0.06272568  0.06272568
  0.06272568  0.06272568  0.06272568  0.06272568  0.06272568  0.06272568
  0.06272568  0.06272568  0.06272568  0.06272568  0.06272568  0.06272568
  0.06272568  0.06272568  0.06272568  0.06272568  0.06272568  0.06272568
  0.06272568  0.06272568  0.06272568  0.06272568  0.06272568  0.06272568
  0.06272568  0.06272568  0.06272568  0.06272568  0.06272568  0.06272568
  0.06272568  0.06272568  0.06272568  0.06272568  0.06272568  0.06272568
  0.06272568  0.06272568  0.06272568  0.06272568  0.06272568  0.06272568
  0.06272568  0.06272568  0.06272568  0.06272568  0.06272568  0.06272568
  0.06272568  0.06272568  0.06272568  0.06272568  0.06272568  0.06272568
  0.06272568  0.06272568  0.06272568  0.06272568  0.06272568  0.06272568
  0.06272568  0.06272568  0.06272568  0.06272568  0.06272568  0.06272568
  0.06272568  0.06272568  0.06272568  0.06272568  0.06272568  0.06272568
  0.06272568  0.06272568  0.06272568  0.06272568  0.06272568  0.06272568
  0.06272568  0.06272568  0.06272568  0.06272568  0.06272568  0.06272568
  0.06272568  0.06272568  0.06272568  0.06272568  0.06272568  0.06272568
  0.06272568  0.06272568  0.06272568  0.06272568  0.06272568  0.06272568
  0.06272568  0.06272568  0.06272568  0.06272568  0.06272568  0.06272568
  0.06272568  0.06272568  0.06272568  0.06272568  0.06272568  0.06272568
  0.06272568  0.06272568  0.06272568  0.06272568  0.06272568  0.06272568
  0.06272568  0.06272568  0.06272568  0.06272568  0.06272568  0.06272568
  0.06272568  0.06272568  0.06272568  0.06272568  0.06272568  0.06272568
  0.06272568  0.06272568  0.06272568  0.06272568  0.06272568  0.06272568
  0.06272568  0.06272568  0.06272568  0.06272568  0.06272568  0.06272568
  0.06272568  0.06272568  0.06272568  0.06272568  0.06272568  0.06272568
  0.06272568  0.06272568  0.06272568  0.06272568  0.06272568  0.06272568
  0.06272568  0.06272568  0.06272568  0.06272568  0.06272568  0.06272568
  0.06272568  0.06272568  0.06272568  0.06272568  0.06272568  0.06272568
  0.06272568  0.06272568  0.06272568  0.06272568  0.06272568  0.06272568
  0.06272568  0.06272568  0.06272568  0.06272568  0.06272568  0.06272568
  0.06272568  0.06272568  0.06272568  0.06272568  0.06272568  0.06272568
  0.06272568  0.06272568  0.06272568  0.06272568  0.06272568  0.06272568
  0.06272568  0.06272568  0.06272568  0.06272568  0.06272568  0.06272568
  0.06272568  0.06272568  0.06272568  0.06272568  0.06272568  0.06272568
  0.06272568  0.06272568  0.06272568  0.06272568  0.06272568  0.06272568
  0.06272568  0.06272568  0.06272568  0.06272568  0.06272568  0.06272568
  0.06272568  0.06272568  0.06272568  0.06272568  0.06272568  0.06272568
  0.06272568  0.06272568  0.06272568  0.06272568  0.06272568  0.06272568
  0.06272568  0.06272568  0.06272568  0.06272568  0.06272568  0.06272568
  0.06272568  0.06272568  0.06272568  0.06272568  0.06272568  0.06272568
  0.06272568  0.06272568  0.06272568  0.06272568  0.06272568  0.06272568
  0.06272568  0.06272568  0.06272568  0.06272568  0.06272568  0.06272568
  0.06272568  0.06272568  0.06272568  0.06272568  0.06272568  0.06272568
  0.06272568  0.06272568  0.06272568  0.06272568  0.06272568  0.06272568
  0.06272568  0.06272568  0.06272568  0.06272568  0.06272568  0.06272568
  0.06272568  0.06272568  0.06272568  0.06272568  0.06272568  0.06272568
  0.06272568  0.06272568  0.06272568  0.06272568  0.06272568  0.06272568
  0.06272568  0.06272568  0.06272568  0.06272568  0.06272568  0.06272568
  0.06272568  0.06272568  0.06272568  0.06272568  0.06272568  0.06272568
  0.06272568  0.06272568  0.06272568  0.06272568  0.06272568  0.06272568
  0.06272568  0.06272568  0.06272568  0.06272568  0.06272568  0.06272568
  0.06272568  0.06272568  0.06272568  0.06272568  0.06272568  0.06272568
  0.06272568  0.06272568  0.06272568  0.06272568  0.06272568  0.06272568
  0.06272568  0.06272568  0.06272568  0.06272568  0.06272568  0.06272568
  0.06272568  0.06272568  0.06272568  0.06272568  0.06272568  0.06272568
  0.06272568  0.06272568  0.06272568  0.06272568  0.06272568  0.06272568
  0.06272568  0.06272568  0.06272568  0.06272568  0.06272568  0.06272568
  0.06272568  0.06272568  0.06272568  0.06272568  0.06272568  0.06272568
  0.06272568  0.06272568  0.06272568  0.06272568  0.06272568  0.06272568
  0.06272568  0.06272568  0.06272568  0.06272568  0.06272568  0.06272568
  0.06272568  0.06272568  0.06352471  0.06352471  0.05369766  0.03925441
  0.03925441  0.03925441  0.03925441  0.03925441  0.03925441  0.03766176
  0.02845103  0.02845103  0.02845103  0.02845103  0.02845103  0.02845103
  0.02845103  0.02845103  0.02845103  0.02845103  0.02845103  0.02845103
  0.02845103  0.02845103  0.02845103  0.02845103  0.02845103  0.02845103
  0.02845103  0.02845103  0.02845103  0.02845103  0.02845103  0.02845103
  0.02845103  0.02845103  0.02845103  0.02845103  0.02845103  0.02845103
  0.02845103  0.02845103  0.02845103  0.02845103  0.02845103  0.02845103
  0.02845103  0.02845103  0.02845103  0.02845103  0.02845103  0.02845103
  0.02845103  0.02845103  0.02845103  0.02845103  0.02845103  0.02845103
  0.02845103  0.02845103  0.02845103  0.02845103  0.02845103  0.02845103
  0.02845103  0.02845103  0.02845103  0.02845103  0.02845103  0.02845103
  0.02845103  0.02845103  0.02845103  0.02845103  0.02845103  0.02845103
  0.02845103  0.02845103  0.02845103  0.02845103  0.02845103  0.02845103
  0.02845103  0.02845103  0.02845103  0.02845103  0.02845103  0.02845103
  0.02845103  0.02845103  0.02845103  0.02845103  0.02845103  0.02845103
  0.02845103  0.02845103  0.02845103  0.02845103  0.02845103  0.02845103
  0.02845103  0.02845103  0.02845103  0.02845103  0.02845103  0.02845103
  0.02845103  0.02845103  0.02845103  0.02845103  0.02845103  0.02845103
  0.02845103  0.02845103  0.02845103  0.02845103  0.02845103  0.02845103
  0.02845103  0.02845103  0.02845103  0.02845103  0.02845103  0.02845103
  0.02845103  0.02845103  0.02845103  0.02845103  0.02845103  0.02845103
  0.02845103  0.02845103  0.02845103  0.02845103  0.02845103  0.02845103
  0.02845103  0.02845103  0.02845103  0.02845103  0.02845103  0.02845103
  0.02845103  0.02845103  0.02845103  0.02845103  0.02845103  0.02845103
  0.02845103  0.02845103  0.02845103  0.02845103  0.02845103  0.02845103
  0.02845103  0.02845103  0.02845103  0.02845103  0.02845103  0.02845103
  0.02845103  0.02845103  0.02845103  0.02845103  0.02845103  0.02845103
  0.02845103  0.02845103  0.02845103  0.02845103  0.02845103  0.02845103
  0.02845103  0.02845103  0.02845103  0.02845103  0.02845103  0.02845103
  0.02845103  0.02845103  0.02845103  0.02845103  0.02845103  0.02845103
  0.02845103  0.02845103  0.02845103  0.02845103  0.02845103  0.02845103
  0.02845103  0.02845103  0.02845103  0.02845103  0.02845103  0.02845103
  0.02845103  0.02845103  0.02845103  0.02845103  0.02845103  0.02845103
  0.02845103  0.02845103  0.02845103  0.02845103  0.02845103  0.02845103
  0.02845103  0.02845103  0.02845103  0.02845103  0.02845103  0.02845103
  0.02845103  0.02845103  0.02845103  0.02845103  0.02845103  0.02845103
  0.02845103  0.02845103  0.02845103  0.02845103  0.02845103  0.02845103
  0.02845103  0.02845103  0.02845103  0.02845103  0.02845103  0.02845103
  0.02845103  0.02845103  0.02845103  0.02845103  0.02845103  0.02845103
  0.02845103  0.02845103  0.02845103  0.02845103  0.02845103  0.02845103
  0.02845103  0.02845103  0.02845103  0.02845103  0.02845103  0.02845103
  0.02845103  0.02845103  0.02845103  0.02845103  0.02845103  0.02845103
  0.02845103  0.02845103  0.02845103  0.02845103  0.02845103  0.02845103
  0.02845103  0.02845103  0.02845103  0.02845103  0.02845103  0.02845103
  0.02845103  0.02845103  0.02845103  0.02845103  0.02845103  0.02845103
  0.02845103  0.02845103  0.02845103  0.02845103  0.02845103  0.02845103
  0.02845103  0.02845103  0.02845103  0.02845103  0.02845103  0.02845103
  0.02845103  0.02845103  0.02845103  0.02845103  0.02845103  0.02845103
  0.02845103  0.02845103  0.02845103  0.02845103  0.02845103  0.02845103
  0.02845103  0.02845103  0.02845103  0.02845103  0.02845103  0.02845103
  0.02845103  0.02845103  0.02845103  0.02845103  0.02845103  0.02845103
  0.02845103  0.02845103  0.02845103  0.02845103  0.02845103  0.02845103
  0.02845103  0.02845103  0.02845103  0.02845103  0.02845103  0.02845103
  0.02845103  0.02845103  0.02845103  0.02845103  0.02845103  0.02845103
  0.02845103  0.02845103  0.02845103  0.02845103  0.02845103  0.02845103
  0.02845103  0.02845103  0.02845103  0.02845103  0.02845103  0.02845103
  0.02845103  0.02845103  0.02845103  0.02845103  0.02845103  0.02845103
  0.02845103  0.02845103  0.02845103  0.02845103  0.02845103  0.02845103
  0.02845103  0.02845103  0.02845103  0.02845103],
