[ 0.26405529  0.26405529  0.25260078  0.25260078  0.25260078  0.25260078
  0.25260078  0.25260078  0.25260078  0.25260078  0.23151861  0.23151861
  0.23151861  0.23151861  0.23151861  0.23151861  0.23151861  0.23767156
  0.23767156  0.23767156  0.23767156  0.23767156  0.23036838  0.23036838
  0.23036838  0.22693935  0.22610838  0.20954139  0.20954139  0.20954139
  0.20954139  0.20954139  0.20954139  0.20954139  0.20954139  0.20954139
  0.20954139  0.20954139  0.20954139  0.20954139  0.20954139  0.20954139
  0.20954139  0.21289173  0.219402    0.21588433  0.20666051  0.20666051
  0.20666051  0.21153208  0.21153208  0.19478822  0.18148337  0.16796498
  0.15808722  0.15536019  0.15536019  0.15536019  0.15536019  0.15536019
  0.15536019  0.15536019  0.15536019  0.15907808  0.15907808  0.15907808
  0.15907808  0.15907808  0.15907808  0.15907808  0.15907808  0.15907808
  0.15907808  0.14367319  0.14367319  0.14251274  0.14845079  0.14553922
  0.1063508   0.1063508   0.1063508   0.1063508   0.1063508   0.1063508
  0.1063508   0.1063508   0.1063508   0.1063508   0.1063508   0.1063508
  0.1063508   0.1063508   0.1063508   0.1063508   0.1063508   0.1063508
  0.1063508   0.1063508   0.1063508   0.1063508   0.1063508   0.1063508
  0.1063508   0.1063508   0.1063508   0.1063508   0.1063508   0.1063508
  0.1063508   0.1063508   0.1063508   0.1063508   0.1063508   0.1063508
  0.1063508   0.1063508   0.1063508   0.1063508   0.1063508   0.1063508
  0.1063508   0.1063508   0.1063508   0.1063508   0.1063508   0.1063508
  0.1063508   0.1063508   0.1063508   0.1063508   0.1063508   0.1063508
  0.1063508   0.1063508   0.1063508   0.1063508   0.1063508   0.1063508
  0.1063508   0.1063508   0.1063508   0.1063508   0.1063508   0.1063508
  0.1063508   0.1063508   0.1063508   0.1063508   0.1063508   0.1063508
  0.1063508   0.09901277  0.08531039  0.08636975  0.08671611  0.08671611
  0.08671611  0.08671611  0.08671611  0.08671611  0.08671611  0.08671611
  0.08671611  0.08671611  0.08671611  0.08671611  0.08671611  0.08671611
  0.08671611  0.08671611  0.08671611  0.08671611  0.06241409  0.06241409
  0.06241409  0.0418775   0.0197738   0.01656084  0.01656084  0.01656084
  0.01656084  0.01656084  0.01656084  0.01656084  0.01656084  0.01656084
  0.01656084  0.01656084  0.01656084  0.01656084  0.01656084  0.01656084
  0.01656084  0.01656084  0.01656084  0.01656084  0.01656084  0.01656084
  0.01656084  0.01656084  0.01656084  0.01656084  0.01656084  0.01656084
  0.01656084  0.01656084  0.01656084  0.01656084  0.01656084  0.01656084
  0.01656084  0.01656084  0.01656084  0.01656084  0.01656084  0.01656084
  0.01656084  0.01656084  0.01656084  0.01656084  0.01656084  0.01656084
  0.01656084  0.01656084  0.01656084  0.01656084  0.01656084  0.01656084
  0.01656084  0.01656084  0.01656084  0.01656084  0.01656084  0.01656084
  0.01656084  0.01656084  0.01656084  0.01656084  0.01656084  0.01656084
  0.01656084  0.01656084  0.01656084  0.01656084  0.01656084  0.01656084
  0.01656084  0.01656084  0.01656084  0.01656084  0.01656084  0.01656084
  0.01656084  0.01656084  0.01656084  0.01656084  0.01656084  0.01656084
  0.01656084  0.01656084  0.01656084  0.01656084  0.01656084  0.01656084
  0.01656084  0.01656084  0.01656084  0.01656084  0.01656084  0.01656084
  0.01656084  0.01656084  0.01656084  0.01656084  0.01656084  0.01656084
  0.01656084  0.01656084  0.01656084  0.01656084  0.01656084  0.01656084
  0.01656084  0.01656084  0.01656084  0.01656084  0.01656084  0.01656084
  0.01656084  0.01656084  0.01656084  0.01656084  0.01656084  0.01656084
  0.01656084  0.01656084  0.01656084  0.01656084  0.01656084  0.01656084
  0.01656084  0.01656084  0.01656084  0.01656084  0.01656084  0.01656084
  0.01656084  0.01656084  0.01656084  0.01656084  0.01656084  0.01656084
  0.01656084  0.01656084  0.01656084  0.01656084  0.01656084  0.01656084
  0.01656084  0.01656084  0.01656084  0.01656084  0.01656084  0.01656084
  0.01656084  0.01656084  0.01656084  0.01656084  0.01656084  0.01656084
  0.01656084  0.01656084  0.01656084  0.01656084  0.01656084  0.01656084
  0.01656084  0.01656084  0.01656084  0.01656084  0.01656084  0.01656084
  0.01656084  0.01656084  0.01656084  0.01656084  0.01656084  0.01656084
  0.01656084  0.01656084  0.01656084  0.01656084  0.01656084  0.01656084
  0.01656084  0.01656084  0.01656084  0.01656084  0.01656084  0.01656084
  0.01656084  0.01656084  0.01656084  0.01656084  0.01656084  0.01656084
  0.01656084  0.01124504  0.01122384  0.00575123  0.00575123  0.00575123
  0.00575123  0.00575123  0.00575123  0.00575123  0.00575123  0.00575123
  0.00575123  0.00575123  0.00575123  0.00575123  0.00575123  0.00575123
  0.00785114  0.00785114  0.00785114  0.00203169  0.00203169  0.00562697
  0.00589786  0.00629935  0.00583836  0.00583836  0.0032559   0.00116042
  0.00116042  0.00116042  0.00116042  0.00116042  0.00116042  0.00116042
  0.00116042  0.00116042  0.00116042  0.00116042  0.00116042  0.00116042
  0.00116042  0.00116042  0.00116042  0.00116042  0.00116042  0.00116042
  0.00116042  0.00116042  0.00116042  0.00116042  0.00116042  0.00116042
  0.00116042  0.00116042  0.00116042  0.00116042  0.00116042  0.00116042
  0.00116042  0.00116042  0.00116042  0.00116042  0.00116042  0.00116042
  0.00116042  0.00116042  0.00116042  0.00116042  0.00116042  0.00116042
  0.00116042  0.00116042  0.00116042  0.00116042  0.00116042  0.00116042
  0.00116042  0.00116042  0.00116042  0.00116042  0.00116042  0.00116042
  0.00116042  0.00116042  0.00116042  0.00116042  0.00116042  0.00116042
  0.00116042  0.00116042  0.00116042  0.00116042  0.00116042  0.00116042
  0.00116042  0.00116042  0.00116042  0.00116042  0.00116042  0.0315289
  0.02224904  0.01058063  0.0203602   0.0203602   0.0203602   0.0203602
  0.0203602   0.0203602   0.0203602   0.02140393  0.02176574  0.02176574
  0.02176574  0.02255145  0.02255145  0.02255145  0.02255145  0.02255145
  0.02255145  0.02255145  0.02255145  0.02255145  0.02255145  0.02255145
  0.02255145  0.02255145  0.02255145  0.02255145  0.02255145  0.02255145
  0.02255145  0.02255145  0.02255145  0.02255145  0.02255145  0.02255145
  0.02255145  0.02255145  0.02255145  0.02255145  0.02255145  0.02255145
  0.02255145  0.02255145  0.02255145  0.02255145  0.02255145  0.02255145
  0.04311126  0.04311126  0.04311126  0.03728905  0.03728905  0.03728905
  0.04311126  0.04274254  0.04733858  0.04733858  0.04733858  0.04733858
  0.04838971  0.02183294  0.02354561  0.02455684  0.02455684  0.02455684
  0.02455684  0.02455684  0.02455684  0.02455684  0.02455684  0.02455684
  0.02455684  0.02455684  0.02455684  0.02455684  0.02455684  0.02455684
  0.02455684  0.02455684  0.02455684  0.02455684  0.02455684  0.02455684
  0.02455684  0.02455684  0.02455684  0.02455684  0.02455684  0.02455684
  0.02455684  0.02455684  0.02455684  0.02455684  0.02455684  0.02455684
  0.02455684  0.02455684  0.02455684  0.02455684  0.02455684  0.02455684
  0.02455684  0.02455684  0.02455684  0.02455684  0.02455684  0.02455684
  0.02455684  0.02455684  0.02455684  0.02455684  0.02455684  0.02455684
  0.02455684  0.02455684  0.02455684  0.02455684  0.02455684  0.02455684
  0.02455684  0.02455684  0.02455684  0.02455684  0.02455684  0.02455684
  0.02455684  0.02455684  0.02455684  0.02455684  0.02455684  0.02455684
  0.02455684  0.02455684  0.02455684  0.02455684  0.02455684  0.02455684
  0.02455684  0.02455684  0.02455684  0.02455684  0.02455684  0.02455684
  0.02455684  0.02455684  0.02455684  0.02455684  0.02455684  0.02455684
  0.02455684  0.02455684  0.02455684  0.02455684  0.02455684  0.02455684
  0.02455684  0.02455684  0.02455684  0.02455684  0.02455684  0.02455684
  0.02455684  0.02455684  0.02455684  0.02455684  0.02455684  0.02455684
  0.02455684  0.02455684  0.02455684  0.02455684  0.02455684  0.02455684
  0.02455684  0.02455684  0.02455684  0.02455684  0.02455684  0.02455684
  0.02455684  0.02455684  0.02455684  0.02455684  0.02455684  0.02455684
  0.02455684  0.02455684  0.02455684  0.02455684  0.02455684  0.02455684
  0.02455684  0.02455684  0.02455684  0.02455684  0.02455684  0.02455684
  0.02455684  0.02455684  0.02455684  0.02455684  0.02455684  0.02455684
  0.02455684  0.02455684  0.02455684  0.02455684  0.02455684  0.02455684
  0.02455684  0.02455684  0.02455684  0.02455684  0.02455684  0.02455684
  0.02455684  0.02455684  0.02455684  0.02455684  0.02455684  0.02455684
  0.02455684  0.02455684  0.02455684  0.02455684  0.02455684  0.02455684
  0.02455684  0.02455684  0.02455684  0.02455684  0.02455684  0.02455684
  0.02455684  0.02455684  0.02455684  0.02455684  0.02455684  0.02455684
  0.02455684  0.02455684  0.02455684  0.02455684  0.02455684  0.02455684
  0.02455684  0.02455684  0.02455684  0.02455684  0.02455684  0.02455684
  0.02455684  0.02455684  0.02455684  0.02455684  0.02455684  0.02455684
  0.02455684  0.02455684  0.02455684  0.02455684  0.02455684  0.02455684
  0.02455684  0.02455684  0.02455684  0.02455684  0.02455684  0.02455684
  0.02455684  0.02455684  0.02455684  0.02455684  0.02455684  0.02455684
  0.02455684  0.02455684  0.02455684  0.02455684  0.02455684  0.02455684
  0.02455684  0.02455684  0.02455684  0.02455684  0.02455684  0.02455684
  0.02455684  0.02455684  0.02455684  0.02455684  0.02455684  0.02455684
  0.02455684  0.02455684  0.02455684  0.02455684  0.02455684  0.02455684
  0.02455684  0.02455684  0.02455684  0.02455684  0.02455684  0.02455684
  0.02455684  0.02455684  0.02455684  0.02455684  0.02455684  0.02455684
  0.02455684  0.02455684  0.02455684  0.02455684  0.02455684  0.02455684
  0.02455684  0.02455684  0.02455684  0.02455684  0.02455684  0.02455684
  0.02455684  0.02455684  0.02455684  0.02455684  0.02455684  0.02455684
  0.02455684  0.02455684  0.02455684  0.02455684  0.02455684  0.02455684
  0.02455684  0.02455684  0.02455684  0.02455684  0.02455684  0.02455684
  0.02455684  0.02455684  0.02455684  0.02455684  0.02455684  0.02455684
  0.02455684  0.02455684  0.02455684  0.02455684  0.02455684  0.02455684
  0.02455684  0.02455684  0.02455684  0.02455684  0.02455684  0.02455684
  0.02455684  0.02455684  0.02455684  0.02455684  0.02455684  0.02455684
  0.02455684  0.02455684  0.02455684  0.02455684  0.02455684  0.02455684
  0.02455684  0.02455684  0.02455684  0.02455684  0.02455684  0.02455684
  0.02455684  0.02455684  0.02455684  0.02455684  0.02455684  0.02455684
  0.02455684  0.02455684  0.02455684  0.02455684  0.02455684  0.02455684
  0.02455684  0.02455684  0.02455684  0.02455684  0.02455684  0.02455684
  0.02455684  0.02455684  0.02455684  0.02455684  0.02455684  0.02455684
  0.02455684  0.02455684  0.02455684  0.02455684  0.02455684  0.02455684
  0.02455684  0.02455684  0.02455684  0.02455684  0.02455684  0.02455684
  0.02455684  0.02455684  0.02455684  0.02455684  0.02455684  0.02455684
  0.02455684  0.02455684  0.02455684  0.02455684  0.02455684  0.02455684
  0.02455684  0.02455684  0.02455684  0.02455684  0.02455684  0.02455684
  0.02455684  0.02455684  0.02455684  0.02455684  0.02455684  0.02455684
  0.02455684  0.02455684  0.02455684  0.02455684  0.02455684  0.02455684
  0.02455684  0.02455684  0.02455684  0.02455684  0.02455684  0.02455684
  0.02455684  0.02455684  0.02455684  0.02455684  0.02455684  0.02455684
  0.02455684  0.02455684  0.02455684  0.02455684  0.02455684  0.02455684
  0.02455684  0.02455684  0.02455684  0.02455684  0.02455684  0.02455684
  0.02455684  0.02455684  0.02455684  0.02455684  0.02455684  0.02455684
  0.02455684  0.02455684  0.02455684  0.02455684  0.02455684  0.02455684
  0.02455684  0.02455684  0.02455684  0.02455684  0.02455684  0.02455684
  0.02455684  0.02455684  0.02455684  0.02455684  0.02455684  0.02455684
  0.02455684  0.02455684  0.02455684  0.02455684  0.02455684  0.02455684
  0.02455684  0.02455684  0.02455684  0.02455684  0.02455684  0.02455684
  0.02455684  0.02455684  0.02455684  0.02455684  0.02455684  0.02455684
  0.02455684  0.02455684  0.02455684  0.02455684  0.02455684  0.02455684
  0.02455684  0.02455684  0.02455684  0.02455684  0.02455684  0.02455684
  0.02455684  0.02455684  0.02455684  0.02455684  0.02455684  0.02455684
  0.02455684  0.02455684  0.02455684  0.02455684],
[ 0.21817741  0.21817741  0.21817741  0.21817741  0.24392653  0.23061632
  0.23061632  0.20565383  0.18796451  0.18796451  0.18796451  0.18796451
  0.18796451  0.18796451  0.18796451  0.18796451  0.18796451  0.18796451
  0.18796451  0.18796451  0.18796451  0.18796451  0.21733409  0.21733409
  0.21733409  0.18165589  0.13830535  0.13830535  0.13830535  0.13830535
  0.14395968  0.14395968  0.14395968  0.09732284  0.09906446  0.08568769
  0.08568769  0.08568769  0.08568769  0.08568769  0.08568769  0.08568769
  0.08568769  0.08568769  0.08568769  0.08568769  0.08568769  0.08568769
  0.08568769  0.08568769  0.08568769  0.08568769  0.08568769  0.08568769
  0.08568769  0.08568769  0.08568769  0.08568769  0.08568769  0.08568769
  0.08568769  0.08568769  0.08568769  0.08568769  0.08568769  0.08568769
  0.08568769  0.08568769  0.08568769  0.08568769  0.08568769  0.0882462
  0.0852289   0.0852289   0.0852289   0.0852289   0.0852289   0.0852289
  0.0852289   0.0852289   0.0852289   0.07798471  0.07798471  0.07798471
  0.07798471  0.07798471  0.07798471  0.07798471  0.07028545  0.06668464
  0.0627351   0.05602084  0.05125893  0.05795184  0.05795184  0.05795184
  0.05795184  0.05795184  0.05795184  0.05795184  0.05795184  0.05795184
  0.05795184  0.05795184  0.05795184  0.05795184  0.05795184  0.05795184
  0.05795184  0.05795184  0.05795184  0.05795184  0.05795184  0.05795184
  0.05795184  0.05795184  0.05795184  0.05795184  0.05795184  0.05795184
  0.05795184  0.05795184  0.05795184  0.05795184  0.05795184  0.05795184
  0.05485804  0.03536886  0.03536886  0.03536886  0.03536886  0.03536886
  0.03536886  0.03536886  0.03536886  0.03536886  0.03536886  0.03536886
  0.03536886  0.03536886  0.03536886  0.03536886  0.03536886  0.03536886
  0.03536886  0.03536886  0.03536886  0.03536886  0.03536886  0.03536886
  0.03536886  0.03536886  0.03536886  0.03536886  0.03536886  0.03536886
  0.03536886  0.03536886  0.03536886  0.03536886  0.03536886  0.03536886
  0.03536886  0.03536886  0.03536886  0.03536886  0.03536886  0.03536886
  0.03536886  0.03536886  0.03536886  0.03536886  0.03536886  0.03536886
  0.03536886  0.03536886  0.03536886  0.03536886  0.03536886  0.03536886
  0.03536886  0.03536886  0.03536886  0.03536886  0.03536886  0.03536886
  0.03536886  0.03536886  0.03536886  0.03536886  0.03536886  0.03536886
  0.03536886  0.03536886  0.03536886  0.03536886  0.03536886  0.03536886
  0.03536886  0.03536886  0.03536886  0.03536886  0.03536886  0.03536886
  0.03536886  0.03536886  0.03536886  0.03536886  0.03536886  0.03536886
  0.03536886  0.03536886  0.03536886  0.03536886  0.03536886  0.03536886
  0.03536886  0.03536886  0.03536886  0.03536886  0.03536886  0.03536886
  0.03536886  0.03536886  0.03536886  0.03536886  0.03536886  0.03536886
  0.03536886  0.03536886  0.03536886  0.03536886  0.03536886  0.03536886
  0.03536886  0.03536886  0.03536886  0.03536886  0.03536886  0.03536886
  0.03536886  0.03536886  0.03536886  0.03536886  0.03536886  0.03536886
  0.03536886  0.03536886  0.03536886  0.03536886  0.03536886  0.03536886
  0.03536886  0.03536886  0.03536886  0.03536886  0.03536886  0.03536886
  0.03536886  0.03295636  0.01881843  0.00269611  0.00269611  0.00314475
  0.00314475  0.00314475  0.00314475  0.00314475  0.00314475  0.00314475
  0.00314475  0.00314475  0.00314475  0.00314475  0.00314475  0.00314475
  0.00314475  0.00314475  0.00314475  0.00314475  0.00314475  0.00314475
  0.00314475  0.00314475  0.00314475  0.00314475  0.00314475  0.00314475
  0.00314475  0.00314475  0.00314475  0.00314475  0.00314475  0.00314475
  0.00314475  0.00314475  0.00314475  0.00314475  0.00314475  0.00314475
  0.00314475  0.00314475  0.00314475  0.00314475  0.00314475  0.00314475
  0.00314475  0.00314475  0.00314475  0.00314475  0.00314475  0.00314475
  0.00314475  0.00314475  0.00314475  0.00314475  0.00314475  0.00314475
  0.00314475  0.00314475  0.00314475  0.00314475  0.00314475  0.00314475
  0.00314475  0.00314475  0.00314475  0.00314475  0.00314475  0.00314475
  0.00314475  0.00314475  0.00314475  0.00314475  0.00314475  0.00314475
  0.00314475  0.00314475  0.00314475  0.00314475  0.00314475  0.00314475
  0.00314475  0.00314475  0.00314475  0.00314475  0.00314475  0.00314475
  0.00314475  0.00314475  0.00314475  0.00314475  0.00314475  0.00314475
  0.00314475  0.00314475  0.00314475  0.00314475  0.00314475  0.00314475
  0.00314475  0.00314475  0.00314475  0.00314475  0.00314475  0.00314475
  0.00314475  0.00314475  0.00314475  0.00314475  0.00314475  0.00314475
  0.00314475  0.00314475  0.00314475  0.00314475  0.00314475  0.00314475
  0.00314475  0.00314475  0.00314475  0.00314475  0.00314475  0.00314475
  0.00314475  0.00314475  0.00314475  0.00314475  0.00314475  0.00314475
  0.00314475  0.00314475  0.00314475  0.00314475  0.00314475  0.00314475
  0.00314475  0.00314475  0.00314475  0.00314475  0.00314475  0.00314475
  0.00314475  0.00314475  0.00314475  0.00314475  0.00314475  0.00314475
  0.00314475  0.00314475  0.00314475  0.00314475  0.00314475  0.00314475
  0.00314475  0.00314475  0.00314475  0.00314475  0.00314475  0.00314475
  0.00314475  0.00314475  0.00314475  0.00314475  0.00314475  0.00314475
  0.00314475  0.00314475  0.00314475  0.00314475  0.00314475  0.00314475
  0.00314475  0.00314475  0.00314475  0.00314475  0.00314475  0.00314475
  0.00314475  0.00314475  0.00314475  0.00314475  0.00314475  0.00314475
  0.00314475  0.00314475  0.00314475  0.00314475  0.00314475  0.00314475
  0.00314475  0.00314475  0.00314475  0.00314475  0.00314475  0.00314475
  0.00314475  0.00314475  0.00314475  0.00314475  0.00314475  0.00314475
  0.00314475  0.00314475  0.00314475  0.00314475  0.00314475  0.00314475
  0.00314475  0.00314475  0.00314475  0.00314475  0.00314475  0.00314475
  0.00314475  0.00314475  0.00314475  0.00314475  0.00314475  0.00314475
  0.00314475  0.00314475  0.00314475  0.00314475  0.00314475  0.00314475
  0.00314475  0.00314475  0.00314475  0.00314475  0.00314475  0.00314475
  0.00314475  0.00314475  0.00314475  0.00314475  0.00314475  0.00314475
  0.00314475  0.00314475  0.00314475  0.00314475  0.00314475  0.00314475
  0.00314475  0.00314475  0.00314475  0.00314475  0.00314475  0.00314475
  0.00314475  0.00314475  0.00314475  0.00314475  0.00314475  0.00314475
  0.00314475  0.00314475  0.00314475  0.00314475  0.00314475  0.00314475
  0.00314475  0.00314475  0.00314475  0.00314475  0.00314475  0.00314475
  0.00314475  0.00314475  0.00314475  0.00314475  0.00314475  0.00314475
  0.00314475  0.00314475  0.00314475  0.00314475  0.00314475  0.00314475
  0.00314475  0.00314475  0.00314475  0.00314475  0.00314475  0.00314475
  0.00314475  0.00314475  0.00314475  0.00314475  0.00314475  0.00314475
  0.00314475  0.00314475  0.00314475  0.00314475  0.00314475  0.00314475
  0.00314475  0.00314475  0.00314475  0.00314475  0.00314475  0.00314475
  0.00314475  0.00314475  0.00314475  0.00314475  0.00314475  0.00314475
  0.00314475  0.00314475  0.00314475  0.00314475  0.00314475  0.00314475
  0.00314475  0.00314475  0.00314475  0.00314475  0.00314475  0.00314475
  0.00314475  0.00314475  0.00314475  0.00314475  0.00314475  0.00314475
  0.00314475  0.00314475  0.00314475  0.00314475  0.00314475  0.00314475
  0.00314475  0.00314475  0.00314475  0.00314475  0.00314475  0.00314475
  0.00314475  0.00314475  0.00314475  0.00314475  0.00314475  0.00314475
  0.00314475  0.00314475  0.00314475  0.00314475  0.00314475  0.00314475
  0.00314475  0.00314475  0.00314475  0.00314475  0.00314475  0.00314475
  0.00314475  0.00314475  0.00314475  0.00314475  0.00314475  0.00314475
  0.00314475  0.00314475  0.00314475  0.00314475  0.00314475  0.00314475
  0.00314475  0.00314475  0.00314475  0.00314475  0.00314475  0.00314475
  0.00314475  0.00314475  0.00314475  0.00314475  0.00314475  0.00314475
  0.00314475  0.00314475  0.00314475  0.00314475  0.00314475  0.00314475
  0.00314475  0.00314475  0.00314475  0.00314475  0.00314475  0.00314475
  0.00314475  0.00314475  0.00314475  0.00314475  0.00314475  0.00314475
  0.00314475  0.00314475  0.00314475  0.00314475  0.00314475  0.00314475
  0.00314475  0.00314475  0.00314475  0.00314475  0.00314475  0.00314475
  0.00314475  0.00314475  0.00314475  0.00314475  0.00314475  0.00314475
  0.00314475  0.00314475  0.00314475  0.00314475  0.00314475  0.00314475
  0.00314475  0.00314475  0.00314475  0.00314475  0.00314475  0.00314475
  0.00314475  0.00314475  0.00314475  0.00314475  0.00314475  0.00314475
  0.00314475  0.00314475  0.00314475  0.00314475  0.00314475  0.00314475
  0.00314475  0.00314475  0.00314475  0.00314475  0.00314475  0.00314475
  0.00314475  0.00314475  0.00314475  0.00314475  0.00314475  0.00314475
  0.00314475  0.00314475  0.00314475  0.00314475  0.00314475  0.00314475
  0.00314475  0.00314475  0.00314475  0.00314475  0.00314475  0.00314475
  0.00314475  0.00314475  0.00314475  0.00314475  0.00314475  0.00314475
  0.00314475  0.00314475  0.00314475  0.00314475  0.00314475  0.00314475
  0.00314475  0.00314475  0.00314475  0.00314475  0.00314475  0.00314475
  0.00314475  0.00314475  0.00314475  0.00314475  0.00314475  0.00314475
  0.00314475  0.00314475  0.00314475  0.00314475  0.00314475  0.00314475
  0.00314475  0.00314475  0.00314475  0.00314475  0.00314475  0.00314475
  0.00314475  0.00314475  0.00314475  0.00314475  0.00314475  0.00314475
  0.00314475  0.00314475  0.00314475  0.00314475  0.00314475  0.00314475
  0.00314475  0.00314475  0.00314475  0.00314475  0.00314475  0.00314475
  0.00314475  0.00314475  0.00314475  0.00314475  0.00314475  0.00314475
  0.00314475  0.00314475  0.00314475  0.00314475  0.00314475  0.00314475
  0.00314475  0.00314475  0.00314475  0.00314475  0.00314475  0.00314475
  0.00314475  0.00314475  0.00314475  0.00314475  0.00314475  0.00314475
  0.00314475  0.00314475  0.00314475  0.00314475  0.00314475  0.00314475
  0.00314475  0.00314475  0.00314475  0.00314475  0.00314475  0.00314475
  0.00314475  0.00314475  0.00314475  0.00314475  0.00314475  0.00314475
  0.00314475  0.00314475  0.00314475  0.00314475  0.00314475  0.00314475
  0.00314475  0.00314475  0.0064343   0.00321145  0.00321145  0.00321145
  0.00321145  0.00321145  0.00321145  0.00321145  0.00321145  0.00321145
  0.00321145  0.00321145  0.00321145  0.00321145  0.00321145  0.00321145
  0.00321145  0.00321145  0.00321145  0.00321145  0.00321145  0.00321145
  0.00321145  0.00321145  0.00321145  0.00321145  0.00321145  0.00321145
  0.00321145  0.00321145  0.00321145  0.00321145  0.00321145  0.00321145
  0.00321145  0.00321145  0.00321145  0.00321145  0.00321145  0.00321145
  0.00321145  0.00321145  0.00321145  0.00321145  0.00321145  0.00321145
  0.00321145  0.00321145  0.00321145  0.00321145  0.00321145  0.00321145
  0.00321145  0.00321145  0.00321145  0.00321145  0.00321145  0.00321145
  0.00321145  0.00321145  0.00321145  0.00321145  0.00321145  0.00321145
  0.00321145  0.00321145  0.00321145  0.00321145  0.00321145  0.00321145
  0.00321145  0.00321145  0.00321145  0.00321145  0.00321145  0.00321145
  0.00321145  0.00321145  0.00321145  0.00321145  0.00321145  0.00321145
  0.00321145  0.00321145  0.00321145  0.00321145  0.00321145  0.00321145
  0.00321145  0.00321145  0.00321145  0.00321145  0.00321145  0.00321145
  0.00321145  0.00321145  0.00321145  0.00321145  0.00321145  0.00321145
  0.00321145  0.00321145  0.00321145  0.04936058  0.04261198  0.04261198
  0.04261198  0.04261198  0.04261198  0.05594415  0.05572189  0.065539
  0.05179724  0.03946182  0.03229484  0.03229484  0.03229484  0.03229484
  0.03229484  0.04869604  0.0495933   0.0495933   0.0495933   0.04847286
  0.04288989  0.04411067  0.04923785  0.02208561  0.02369953  0.01140097
  0.01140097  0.00043754  0.00043754  0.00168044  0.00168044  0.00168044
  0.00168044  0.00168044  0.00168044  0.00168044  0.00168044  0.00168044
  0.00168044  0.00168044  0.00168044  0.00168044  0.00168044  0.00168044
  0.00168044  0.00168044  0.00168044  0.00168044  0.00168044  0.00168044
  0.00168044  0.00168044  0.00168044  0.00168044  0.00168044  0.00168044
  0.00168044  0.00168044  0.00168044  0.00168044  0.00168044  0.00168044
  0.00168044  0.00168044  0.00168044  0.00168044],
[ 0.3242605   0.30637728  0.24876479  0.24876479  0.24876479  0.25027808
  0.25027808  0.25027808  0.25027808  0.25027808  0.25027808  0.25027808
  0.25758942  0.25758942  0.26177084  0.22755239  0.19798364  0.19798364
  0.19798364  0.19798364  0.19203056  0.1952351   0.1952351   0.18243643
  0.18545363  0.16291092  0.16291092  0.16291092  0.16291092  0.16291092
  0.16291092  0.16291092  0.16291092  0.16291092  0.16291092  0.16291092
  0.16291092  0.16291092  0.16291092  0.16291092  0.16291092  0.16291092
  0.16291092  0.13575459  0.10200816  0.08734022  0.08734022  0.08734022
  0.08734022  0.08734022  0.08734022  0.08734022  0.08734022  0.08734022
  0.08734022  0.08734022  0.08734022  0.08734022  0.08734022  0.08734022
  0.08734022  0.08734022  0.08734022  0.08734022  0.08734022  0.08734022
  0.08734022  0.08734022  0.08734022  0.08734022  0.08734022  0.08734022
  0.08734022  0.08734022  0.08734022  0.08734022  0.08734022  0.08734022
  0.08734022  0.08734022  0.08734022  0.08734022  0.08734022  0.08734022
  0.08734022  0.08734022  0.08734022  0.08734022  0.08734022  0.08734022
  0.08734022  0.08734022  0.08734022  0.08734022  0.08734022  0.08734022
  0.08734022  0.08734022  0.08734022  0.08734022  0.08734022  0.08734022
  0.08734022  0.08734022  0.08734022  0.08734022  0.08734022  0.08734022
  0.08734022  0.08734022  0.08734022  0.08734022  0.08734022  0.08734022
  0.08734022  0.08734022  0.08734022  0.08734022  0.08734022  0.08734022
  0.08734022  0.08734022  0.08734022  0.08734022  0.08734022  0.08734022
  0.08734022  0.08734022  0.08734022  0.08734022  0.08734022  0.08734022
  0.08734022  0.08734022  0.08734022  0.08734022  0.08734022  0.08734022
  0.08734022  0.08734022  0.08734022  0.08734022  0.08734022  0.08734022
  0.08734022  0.08734022  0.08734022  0.08734022  0.08734022  0.08734022
  0.08734022  0.08734022  0.08734022  0.08734022  0.08734022  0.08734022
  0.08734022  0.08734022  0.08734022  0.08734022  0.08734022  0.08734022
  0.08734022  0.08734022  0.08734022  0.08734022  0.08734022  0.08734022
  0.08734022  0.07261863  0.07261863  0.07261863  0.07261863  0.07261863
  0.07261863  0.07261863  0.07261863  0.07261863  0.07261863  0.07261863
  0.07261863  0.07261863  0.07261863  0.07261863  0.07261863  0.07261863
  0.07261863  0.07261863  0.07261863  0.07261863  0.07261863  0.07261863
  0.07261863  0.07261863  0.07261863  0.07261863  0.07261863  0.07261863
  0.07261863  0.07261863  0.07261863  0.07261863  0.07261863  0.07261863
  0.07261863  0.07261863  0.07261863  0.07261863  0.07261863  0.03598345
  0.03598345  0.02282615  0.02282615  0.02282615  0.02282615  0.02282615
  0.02282615  0.02282615  0.01647107  0.01647107  0.01647107  0.01647107
  0.01647107  0.01647107  0.01647107  0.01647107  0.01647107  0.01647107
  0.01647107  0.01647107  0.01647107  0.00468711  0.02154931  0.00471422
  0.00471422  0.00471422  0.00471422  0.00471422  0.00471422  0.00471422
  0.00471422  0.00471422  0.00471422  0.00471422  0.00471422  0.00471422
  0.00471422  0.00471422  0.00471422  0.00471422  0.00471422  0.00471422
  0.00471422  0.00471422  0.0099858   0.00297488  0.00297488  0.00297488
  0.00297488  0.00297488  0.00297488  0.00297488  0.00297488  0.00297488
  0.00297488  0.00297488  0.00297488  0.00297488  0.00297488  0.00297488
  0.00297488  0.00297488  0.00297488  0.00297488  0.00297488  0.00297488
  0.00297488  0.00297488  0.00297488  0.00297488  0.00297488  0.00297488
  0.00297488  0.00297488  0.00297488  0.00297488  0.00297488  0.00297488
  0.00297488  0.00297488  0.00297488  0.00297488  0.00297488  0.00297488
  0.00297488  0.00297488  0.00297488  0.00297488  0.00297488  0.00297488
  0.00297488  0.00297488  0.00297488  0.00297488  0.00297488  0.00297488
  0.00297488  0.00297488  0.00297488  0.00297488  0.00297488  0.00297488
  0.00297488  0.00297488  0.00297488  0.00297488  0.00297488  0.00297488
  0.00297488  0.00297488  0.00297488  0.00297488  0.00297488  0.00297488
  0.00297488  0.00297488  0.00297488  0.00297488  0.00297488  0.00297488
  0.00297488  0.00297488  0.00297488  0.00297488  0.00297488  0.00297488
  0.00297488  0.00297488  0.00297488  0.00297488  0.00297488  0.00297488
  0.00297488  0.00297488  0.00297488  0.00297488  0.00297488  0.00297488
  0.00297488  0.00297488  0.00297488  0.00297488  0.00297488  0.00297488
  0.00297488  0.00297488  0.00297488  0.00297488  0.00297488  0.00297488
  0.00297488  0.00297488  0.00297488  0.00297488  0.00297488  0.00297488
  0.00297488  0.00297488  0.00297488  0.00297488  0.00297488  0.00297488
  0.00297488  0.00297488  0.00297488  0.00297488  0.00297488  0.00297488
  0.00297488  0.00297488  0.00297488  0.00297488  0.00297488  0.00297488
  0.00297488  0.00297488  0.00297488  0.00297488  0.00297488  0.00297488
  0.00297488  0.00297488  0.00297488  0.00297488  0.00297488  0.00297488
  0.00297488  0.00297488  0.00297488  0.00297488  0.00297488  0.00297488
  0.00297488  0.00297488  0.00297488  0.00297488  0.00297488  0.00297488
  0.00297488  0.00297488  0.00297488  0.00297488  0.00297488  0.00297488
  0.00297488  0.00297488  0.00297488  0.00297488  0.00297488  0.00297488
  0.00297488  0.00297488  0.00297488  0.00297488  0.00297488  0.00297488
  0.00297488  0.00297488  0.00297488  0.00297488  0.00297488  0.00297488
  0.00297488  0.00297488  0.00297488  0.00297488  0.00297488  0.00297488
  0.00297488  0.00297488  0.00297488  0.00297488  0.00297488  0.00297488
  0.00297488  0.00297488  0.00297488  0.00297488  0.00297488  0.00297488
  0.00297488  0.00297488  0.00297488  0.00297488  0.00297488  0.00297488
  0.00297488  0.00297488  0.00297488  0.00297488  0.00297488  0.00297488
  0.00297488  0.00297488  0.00297488  0.00297488  0.00297488  0.00297488
  0.00297488  0.00297488  0.00297488  0.00297488  0.00297488  0.00297488
  0.00297488  0.00297488  0.00297488  0.00297488  0.00297488  0.00297488
  0.00297488  0.00297488  0.00297488  0.00297488  0.00297488  0.00297488
  0.00297488  0.00297488  0.00297488  0.00297488  0.00297488  0.00297488
  0.00297488  0.00297488  0.00297488  0.00297488  0.00297488  0.00297488
  0.00297488  0.00297488  0.00297488  0.00297488  0.00297488  0.00297488
  0.00297488  0.00297488  0.00297488  0.00297488  0.00297488  0.00297488
  0.00297488  0.00297488  0.00297488  0.00297488  0.00297488  0.00297488
  0.00297488  0.00297488  0.00297488  0.00297488  0.00297488  0.00297488
  0.00297488  0.00297488  0.00297488  0.00297488  0.00297488  0.00297488
  0.00297488  0.00297488  0.00297488  0.00297488  0.00297488  0.00297488
  0.00297488  0.00297488  0.00297488  0.00297488  0.00297488  0.00297488
  0.00297488  0.00297488  0.00297488  0.00297488  0.00297488  0.00297488
  0.00297488  0.00297488  0.00297488  0.00297488  0.00297488  0.00297488
  0.00297488  0.00297488  0.00297488  0.00297488  0.00297488  0.00297488
  0.00297488  0.00297488  0.00297488  0.00297488  0.00297488  0.00297488
  0.00297488  0.00297488  0.00297488  0.00297488  0.00297488  0.00297488
  0.00297488  0.00297488  0.00297488  0.00297488  0.00297488  0.00297488
  0.00297488  0.00297488  0.00297488  0.00297488  0.00297488  0.00297488
  0.00297488  0.00297488  0.00297488  0.00297488  0.00297488  0.00297488
  0.00297488  0.00297488  0.00297488  0.00297488  0.00297488  0.00297488
  0.00297488  0.00297488  0.00297488  0.00297488  0.00297488  0.00297488
  0.00297488  0.00297488  0.00297488  0.00297488  0.00297488  0.00297488
  0.00297488  0.00297488  0.00297488  0.00297488  0.00297488  0.00297488
  0.00297488  0.00297488  0.00297488  0.00297488  0.00297488  0.00297488
  0.00297488  0.00297488  0.00297488  0.00297488  0.00297488  0.00297488
  0.00297488  0.00297488  0.00297488  0.00297488  0.00297488  0.00297488
  0.00297488  0.00297488  0.00297488  0.00297488  0.00297488  0.00297488
  0.00297488  0.00297488  0.00297488  0.00297488  0.00297488  0.00297488
  0.00297488  0.00297488  0.00297488  0.00297488  0.00297488  0.00297488
  0.00297488  0.00297488  0.00297488  0.00297488  0.00297488  0.00297488
  0.00297488  0.00297488  0.00297488  0.00297488  0.00297488  0.00297488
  0.00297488  0.00297488  0.00297488  0.00297488  0.00297488  0.00297488
  0.00297488  0.00297488  0.00297488  0.00297488  0.00297488  0.00297488
  0.00297488  0.00297488  0.00297488  0.00297488  0.00297488  0.00297488
  0.00297488  0.00297488  0.00297488  0.00297488  0.00297488  0.00297488
  0.00297488  0.00297488  0.00297488  0.00297488  0.00297488  0.00297488
  0.00297488  0.00297488  0.00297488  0.00297488  0.00297488  0.00297488
  0.00297488  0.00297488  0.00297488  0.00297488  0.00297488  0.00297488
  0.00297488  0.00297488  0.00297488  0.00297488  0.00297488  0.00297488
  0.00297488  0.00297488  0.00297488  0.00297488  0.00297488  0.00297488
  0.00297488  0.00297488  0.00297488  0.00297488  0.00297488  0.00297488
  0.00297488  0.00297488  0.00297488  0.00297488  0.00297488  0.00297488
  0.00297488  0.00297488  0.00297488  0.00297488  0.00297488  0.00297488
  0.00297488  0.00297488  0.00297488  0.00297488  0.00297488  0.00297488
  0.00297488  0.00297488  0.00297488  0.00297488  0.00297488  0.00297488
  0.00297488  0.00297488  0.00297488  0.00297488  0.00297488  0.00297488
  0.00297488  0.00297488  0.00297488  0.00297488  0.00297488  0.00297488
  0.00297488  0.00297488  0.00297488  0.00297488  0.00297488  0.00297488
  0.00297488  0.00297488  0.00297488  0.00297488  0.00297488  0.00297488
  0.00297488  0.00297488  0.00297488  0.00297488  0.00297488  0.00297488
  0.00297488  0.00297488  0.00297488  0.00297488  0.00297488  0.00297488
  0.00297488  0.00297488  0.00297488  0.00297488  0.00297488  0.00297488
  0.00297488  0.00297488  0.00297488  0.00297488  0.00297488  0.00297488
  0.00297488  0.00297488  0.00297488  0.00297488  0.00297488  0.00297488
  0.00297488  0.00297488  0.00297488  0.00297488  0.00297488  0.00297488
  0.00297488  0.00297488  0.00297488  0.00297488  0.00297488  0.00297488
  0.00297488  0.00297488  0.00297488  0.00297488  0.00297488  0.00297488
  0.00297488  0.00297488  0.00297488  0.00297488  0.00297488  0.00297488
  0.00297488  0.00297488  0.00297488  0.00297488  0.00297488  0.00297488
  0.00297488  0.00297488  0.00297488  0.00297488  0.00297488  0.00297488
  0.00297488  0.00297488  0.00297488  0.00297488  0.00297488  0.00297488
  0.00297488  0.00297488  0.00297488  0.00297488  0.00297488  0.00297488
  0.00297488  0.00297488  0.00297488  0.00297488  0.00297488  0.00297488
  0.00297488  0.00297488  0.00297488  0.00297488  0.00297488  0.00297488
  0.00297488  0.00297488  0.00297488  0.00297488  0.00297488  0.00297488
  0.00297488  0.00297488  0.00297488  0.00297488  0.00297488  0.00297488
  0.00297488  0.00297488  0.00297488  0.00297488  0.00297488  0.00297488
  0.00297488  0.00297488  0.00297488  0.00297488  0.00297488  0.00297488
  0.00297488  0.00297488  0.00297488  0.00297488  0.00297488  0.00297488
  0.00297488  0.00297488  0.00297488  0.00297488  0.00297488  0.00297488
  0.00297488  0.00297488  0.00297488  0.00297488  0.00297488  0.00297488
  0.00297488  0.00297488  0.00297488  0.00297488  0.00297488  0.00297488
  0.00297488  0.00297488  0.00297488  0.00297488  0.00297488  0.00297488
  0.00297488  0.00297488  0.00297488  0.00297488  0.00297488  0.00297488
  0.00297488  0.00297488  0.00297488  0.00297488  0.00297488  0.00297488
  0.00297488  0.00297488  0.00297488  0.00297488  0.00297488  0.00297488
  0.00297488  0.00297488  0.00297488  0.00297488  0.00297488  0.00297488
  0.00297488  0.00297488  0.00297488  0.00297488  0.00297488  0.00297488
  0.00297488  0.00297488  0.00297488  0.00297488  0.00297488  0.00297488
  0.00297488  0.00297488  0.00297488  0.00297488  0.00297488  0.00297488
  0.00297488  0.00297488  0.00297488  0.00297488  0.00297488  0.00297488
  0.00297488  0.00297488  0.00297488  0.00297488  0.00297488  0.00297488
  0.00297488  0.00297488  0.00297488  0.00297488  0.00297488  0.00297488
  0.00297488  0.00297488  0.00297488  0.00297488  0.00297488  0.00297488
  0.00297488  0.00297488  0.00297488  0.00297488  0.00297488  0.00297488
  0.00297488  0.00297488  0.00297488  0.00297488  0.00297488  0.00297488
  0.00297488  0.00297488  0.00297488  0.00297488  0.00297488  0.00297488
  0.00297488  0.00297488  0.00297488  0.00297488],
[ 0.1887022   0.1887022   0.1887022   0.1887022   0.1887022   0.1887022
  0.1887022   0.1887022   0.1887022   0.1887022   0.1887022   0.1887022
  0.1317014   0.1317014   0.1317014   0.1193198   0.08129273  0.08129273
  0.08129273  0.08129273  0.08129273  0.08129273  0.08129273  0.08129273
  0.08129273  0.08129273  0.08129273  0.08129273  0.08499977  0.08499977
  0.08499977  0.08499977  0.08499977  0.08499977  0.09541379  0.04087194
  0.04087194  0.04087194  0.04087194  0.04087194  0.04087194  0.04087194
  0.04087194  0.04087194  0.04087194  0.04087194  0.04087194  0.04087194
  0.04087194  0.04087194  0.04087194  0.04087194  0.04087194  0.04087194
  0.04087194  0.04087194  0.04087194  0.04087194  0.04087194  0.04087194
  0.04087194  0.04087194  0.04087194  0.04087194  0.04087194  0.04087194
  0.04087194  0.04087194  0.04087194  0.04087194  0.04087194  0.04087194
  0.04087194  0.04087194  0.04087194  0.04087194  0.04087194  0.04087194
  0.04087194  0.04087194  0.04087194  0.04087194  0.04087194  0.04087194
  0.04087194  0.04087194  0.04087194  0.04087194  0.04087194  0.04087194
  0.04087194  0.04087194  0.04087194  0.04087194  0.04087194  0.04087194
  0.04087194  0.04087194  0.04087194  0.04087194  0.04087194  0.04087194
  0.04087194  0.04087194  0.04087194  0.04087194  0.04087194  0.04087194
  0.04087194  0.04087194  0.04087194  0.04087194  0.04087194  0.04087194
  0.04087194  0.04087194  0.04087194  0.04087194  0.04087194  0.04087194
  0.04087194  0.04087194  0.04087194  0.04087194  0.04087194  0.04087194
  0.04087194  0.04087194  0.04087194  0.04087194  0.04087194  0.04087194
  0.04087194  0.04087194  0.04087194  0.04087194  0.04087194  0.04087194
  0.04087194  0.04087194  0.04087194  0.04087194  0.04087194  0.04087194
  0.04087194  0.04087194  0.04087194  0.04087194  0.04087194  0.04087194
  0.04087194  0.04087194  0.04087194  0.04087194  0.04087194  0.04087194
  0.04087194  0.04087194  0.04087194  0.04087194  0.04087194  0.04087194
  0.04087194  0.04087194  0.04087194  0.04087194  0.04087194  0.04087194
  0.04087194  0.04087194  0.04087194  0.04087194  0.04087194  0.04087194
  0.04087194  0.04087194  0.04087194  0.04087194  0.04087194  0.04087194
  0.04087194  0.04087194  0.04087194  0.04087194  0.04087194  0.04087194
  0.04087194  0.04087194  0.04087194  0.04087194  0.04087194  0.04087194
  0.04087194  0.04087194  0.04087194  0.04087194  0.04087194  0.04087194
  0.04087194  0.04087194  0.04087194  0.04087194  0.04087194  0.04087194
  0.04087194  0.04087194  0.04087194  0.04087194  0.04087194  0.04087194
  0.04087194  0.04087194  0.04087194  0.04087194  0.04087194  0.04087194
  0.04087194  0.04087194  0.04087194  0.04087194  0.04087194  0.04087194
  0.04087194  0.04087194  0.04087194  0.04087194  0.04087194  0.04087194
  0.04087194  0.04087194  0.04087194  0.04087194  0.04087194  0.04087194
  0.04087194  0.04087194  0.04087194  0.04087194  0.04087194  0.04087194
  0.04087194  0.04087194  0.04087194  0.04087194  0.04087194  0.04087194
  0.04087194  0.04087194  0.04087194  0.04087194  0.04087194  0.04087194
  0.04087194  0.04087194  0.04087194  0.04087194  0.04087194  0.04087194
  0.04087194  0.04087194  0.04087194  0.04087194  0.04087194  0.04087194
  0.04087194  0.04087194  0.04087194  0.04087194  0.04087194  0.04087194
  0.04087194  0.04087194  0.04087194  0.04087194  0.04087194  0.04087194
  0.04087194  0.04087194  0.04087194  0.04087194  0.04087194  0.04087194
  0.04087194  0.04087194  0.04087194  0.04087194  0.04087194  0.04087194
  0.04087194  0.04087194  0.04087194  0.04087194  0.04087194  0.04087194
  0.04087194  0.04087194  0.04087194  0.04087194  0.04087194  0.04087194
  0.04087194  0.04087194  0.04087194  0.04087194  0.04087194  0.04087194
  0.04087194  0.04087194  0.04087194  0.04087194  0.04087194  0.04087194
  0.04087194  0.05156459  0.05231064  0.05398812  0.05398812  0.05398812
  0.05398812  0.05398812  0.05398812  0.05398812  0.05398812  0.05398812
  0.05398812  0.05398812  0.05398812  0.05398812  0.05398812  0.05398812
  0.05398812  0.05398812  0.05398812  0.05398812  0.05398812  0.05398812
  0.05398812  0.05398812  0.05398812  0.05398812  0.05398812  0.05398812
  0.05398812  0.05398812  0.05398812  0.05398812  0.05398812  0.05398812
  0.05398812  0.05398812  0.05398812  0.05398812  0.05398812  0.05398812
  0.05398812  0.05398812  0.05398812  0.05398812  0.05398812  0.05398812
  0.05398812  0.05398812  0.05398812  0.05398812  0.05398812  0.05398812
  0.05398812  0.05398812  0.05398812  0.05398812  0.05398812  0.05398812
  0.05398812  0.05398812  0.05398812  0.05398812  0.05398812  0.05398812
  0.05398812  0.05398812  0.05398812  0.05398812  0.05398812  0.05398812
  0.05398812  0.05398812  0.05398812  0.05398812  0.05398812  0.05398812
  0.05398812  0.05398812  0.05398812  0.05398812  0.05398812  0.05398812
  0.05398812  0.05398812  0.05398812  0.05398812  0.05398812  0.05398812
  0.05398812  0.05398812  0.05398812  0.05398812  0.05398812  0.05398812
  0.05398812  0.05398812  0.05398812  0.05398812  0.05398812  0.05398812
  0.05398812  0.05398812  0.05398812  0.05398812  0.05398812  0.05398812
  0.05398812  0.05398812  0.05398812  0.05398812  0.05398812  0.05398812
  0.05398812  0.05398812  0.05398812  0.05398812  0.05398812  0.05398812
  0.05398812  0.05398812  0.05398812  0.05398812  0.05398812  0.05398812
  0.05398812  0.05398812  0.05398812  0.05398812  0.05398812  0.05398812
  0.05398812  0.05398812  0.05398812  0.05123569  0.04737686  0.04823801
  0.04365205  0.04365205  0.04365205  0.04365205  0.04365205  0.04365205
  0.03831115  0.03142822  0.02864964  0.02661401  0.02689777  0.0271648
  0.01961711  0.01961711  0.01961711  0.01961711  0.01961711  0.01961711
  0.01961711  0.01961711  0.01961711  0.01961711  0.01961711  0.01961711
  0.01961711  0.01961711  0.01961711  0.01961711  0.01961711  0.01961711
  0.01961711  0.01961711  0.01961711  0.01961711  0.01961711  0.01961711
  0.01961711  0.01961711  0.01961711  0.01961711  0.01961711  0.01961711
  0.01961711  0.01961711  0.01961711  0.01961711  0.01961711  0.01961711
  0.01961711  0.01961711  0.01961711  0.01961711  0.01961711  0.01961711
  0.01961711  0.01961711  0.01961711  0.01961711  0.01961711  0.01961711
  0.01961711  0.01961711  0.01961711  0.01961711  0.01961711  0.01961711
  0.01961711  0.01961711  0.01961711  0.01961711  0.01961711  0.01961711
  0.01961711  0.01961711  0.01961711  0.01961711  0.01961711  0.01961711
  0.01961711  0.01961711  0.01961711  0.01961711  0.01961711  0.01961711
  0.01961711  0.01961711  0.01961711  0.01961711  0.01961711  0.01961711
  0.01961711  0.01961711  0.01961711  0.01961711  0.01961711  0.01961711
  0.01961711  0.01961711  0.01961711  0.01961711  0.01961711  0.01961711
  0.01961711  0.01961711  0.01961711  0.01961711  0.01961711  0.01961711
  0.01961711  0.01961711  0.01961711  0.01961711  0.01961711  0.01961711
  0.01961711  0.01961711  0.01961711  0.01961711  0.01961711  0.01961711
  0.01961711  0.01961711  0.01961711  0.01961711  0.01961711  0.01961711
  0.01961711  0.01961711  0.01961711  0.01961711  0.01961711  0.01961711
  0.01961711  0.01961711  0.01961711  0.01961711  0.01961711  0.01961711
  0.01961711  0.01961711  0.01961711  0.01961711  0.01961711  0.01961711
  0.01961711  0.01961711  0.01961711  0.01961711  0.01961711  0.01961711
  0.01961711  0.01961711  0.01961711  0.01961711  0.01961711  0.01961711
  0.01961711  0.01961711  0.01961711  0.01961711  0.01961711  0.01961711
  0.01961711  0.01961711  0.01961711  0.01961711  0.01961711  0.01961711
  0.01961711  0.01961711  0.01961711  0.01961711  0.01961711  0.01961711
  0.01961711  0.01961711  0.01961711  0.01961711  0.01961711  0.01961711
  0.01961711  0.01961711  0.01961711  0.01961711  0.01961711  0.01961711
  0.01961711  0.01961711  0.01961711  0.01961711  0.01961711  0.01961711
  0.01961711  0.01961711  0.01961711  0.01961711  0.01961711  0.01961711
  0.01961711  0.01961711  0.01961711  0.01961711  0.01961711  0.01961711
  0.01961711  0.01961711  0.01961711  0.01961711  0.01961711  0.01961711
  0.01961711  0.01961711  0.01961711  0.01961711  0.01961711  0.01961711
  0.01961711  0.01961711  0.01961711  0.01961711  0.01961711  0.01961711
  0.01961711  0.01961711  0.01961711  0.01961711  0.01961711  0.01961711
  0.01961711  0.01961711  0.01961711  0.01961711  0.01961711  0.01961711
  0.01961711  0.01961711  0.01961711  0.01961711  0.01961711  0.01961711
  0.01961711  0.01961711  0.01961711  0.01961711  0.01961711  0.01961711
  0.01961711  0.01961711  0.01961711  0.01961711  0.01961711  0.01961711
  0.01961711  0.01961711  0.01961711  0.01961711  0.01961711  0.01961711
  0.01961711  0.01961711  0.01961711  0.01961711  0.01961711  0.01961711
  0.01961711  0.01961711  0.01961711  0.01961711  0.01961711  0.01961711
  0.01961711  0.01961711  0.01961711  0.01961711  0.01961711  0.01961711
  0.01961711  0.01961711  0.01961711  0.01961711  0.01961711  0.01961711
  0.01961711  0.01961711  0.01961711  0.01961711  0.01961711  0.01961711
  0.01961711  0.01961711  0.01961711  0.01961711  0.01961711  0.01961711
  0.01961711  0.01961711  0.01961711  0.01961711  0.01961711  0.01961711
  0.01961711  0.01961711  0.01961711  0.01961711  0.01961711  0.01961711
  0.01961711  0.01961711  0.01961711  0.01961711  0.01961711  0.01961711
  0.01961711  0.01961711  0.01961711  0.01961711  0.01961711  0.01961711
  0.01961711  0.01961711  0.01961711  0.01961711  0.01961711  0.01961711
  0.01961711  0.01961711  0.01961711  0.01961711  0.01961711  0.01961711
  0.01961711  0.01961711  0.01961711  0.01961711  0.01961711  0.01961711
  0.01961711  0.01961711  0.01961711  0.01961711  0.01961711  0.01961711
  0.01961711  0.01961711  0.01961711  0.01961711  0.01961711  0.01961711
  0.01961711  0.01961711  0.01961711  0.01961711  0.01961711  0.01961711
  0.01961711  0.01961711  0.01961711  0.01961711  0.01961711  0.01961711
  0.01961711  0.01961711  0.01961711  0.01961711  0.01961711  0.01961711
  0.01961711  0.01961711  0.01961711  0.01961711  0.01961711  0.01961711
  0.01961711  0.01961711  0.01961711  0.01961711  0.01961711  0.01961711
  0.01961711  0.01961711  0.01961711  0.01961711  0.01961711  0.01961711
  0.01961711  0.01961711  0.01961711  0.01961711  0.01961711  0.01961711
  0.01961711  0.01961711  0.01961711  0.01961711  0.01961711  0.01961711
  0.01961711  0.01961711  0.01961711  0.01961711  0.01961711  0.01961711
  0.01961711  0.01961711  0.01961711  0.01961711  0.01961711  0.01961711
  0.01961711  0.01961711  0.01961711  0.01961711  0.01961711  0.01961711
  0.01961711  0.01961711  0.01961711  0.01961711  0.01961711  0.01961711
  0.01961711  0.01961711  0.01961711  0.01961711  0.01961711  0.01961711
  0.01961711  0.01961711  0.01961711  0.01961711  0.01961711  0.01961711
  0.01961711  0.01961711  0.01961711  0.01961711  0.01961711  0.01961711
  0.01961711  0.01961711  0.01961711  0.01961711  0.01961711  0.01961711
  0.01961711  0.01961711  0.01961711  0.01961711  0.01961711  0.01961711
  0.01961711  0.01961711  0.01961711  0.01961711  0.01961711  0.01961711
  0.01961711  0.01961711  0.01961711  0.01961711  0.01961711  0.01961711
  0.01961711  0.01961711  0.01961711  0.01961711  0.01961711  0.01961711
  0.01961711  0.01961711  0.01961711  0.01961711  0.01961711  0.01961711
  0.01961711  0.01961711  0.01961711  0.01961711  0.01961711  0.01961711
  0.01961711  0.01961711  0.01961711  0.01961711  0.01961711  0.01961711
  0.01961711  0.01961711  0.01961711  0.01961711  0.01961711  0.01961711
  0.01961711  0.01961711  0.01961711  0.01961711  0.01961711  0.01961711
  0.01961711  0.01961711  0.01961711  0.01961711  0.01961711  0.01961711
  0.01961711  0.01961711  0.01961711  0.01961711  0.01961711  0.01961711
  0.01961711  0.01961711  0.01961711  0.01961711  0.01961711  0.01961711
  0.01961711  0.01961711  0.01961711  0.01961711  0.01961711  0.01961711
  0.01961711  0.01961711  0.01961711  0.01961711  0.01961711  0.01961711
  0.01961711  0.01961711  0.01961711  0.01961711  0.01961711  0.01961711
  0.01961711  0.01961711  0.01961711  0.01961711  0.01961711  0.01961711
  0.01961711  0.01961711  0.01961711  0.01961711  0.01961711  0.01961711
  0.01961711  0.01961711  0.01961711  0.01961711],
[  3.34321540e-01   3.24696377e-01   3.24696377e-01   3.24696377e-01
   3.23366578e-01   2.91115247e-01   2.91115247e-01   2.91115247e-01
   2.91115247e-01   2.91115247e-01   3.13589394e-01   3.41169604e-01
   2.71434621e-01   2.55658522e-01   1.62785204e-01   1.60660971e-01
   1.60660971e-01   1.60660971e-01   1.29327388e-01   9.21736853e-02
   6.22727372e-02   5.11236312e-02   5.11236312e-02   5.11236312e-02
   5.11236312e-02   5.11236312e-02   5.11236312e-02   5.11236312e-02
   5.11236312e-02   5.11236312e-02   5.11236312e-02   5.11236312e-02
   5.11236312e-02   5.11236312e-02   5.11236312e-02   5.11236312e-02
   5.11236312e-02   5.11236312e-02   5.11236312e-02   5.11236312e-02
   5.11236312e-02   5.11236312e-02   5.11236312e-02   5.11236312e-02
   5.11236312e-02   5.11236312e-02   5.11236312e-02   5.11236312e-02
   5.11236312e-02   5.11236312e-02   5.11236312e-02   5.11236312e-02
   5.11236312e-02   5.11236312e-02   5.11236312e-02   5.11236312e-02
   5.11236312e-02   5.11236312e-02   5.11236312e-02   5.11236312e-02
   5.11236312e-02   5.11236312e-02   5.11236312e-02   5.11236312e-02
   5.11236312e-02   5.11236312e-02   5.11236312e-02   5.11236312e-02
   5.11236312e-02   5.11236312e-02   5.11236312e-02   5.11236312e-02
   5.11236312e-02   5.11236312e-02   5.11236312e-02   5.11236312e-02
   5.11236312e-02   5.11236312e-02   5.11236312e-02   5.11236312e-02
   5.11236312e-02   5.11236312e-02   5.11236312e-02   5.11236312e-02
   5.11236312e-02   5.11236312e-02   5.11236312e-02   5.11236312e-02
   5.11236312e-02   5.11236312e-02   5.11236312e-02   5.11236312e-02
   5.11236312e-02   5.11236312e-02   5.11236312e-02   5.11236312e-02
   5.11236312e-02   5.11236312e-02   5.11236312e-02   5.11236312e-02
   5.11236312e-02   5.11236312e-02   5.11236312e-02   5.11236312e-02
   5.11236312e-02   5.11236312e-02   5.11236312e-02   5.11236312e-02
   5.11236312e-02   5.11236312e-02   5.11236312e-02   5.11236312e-02
   5.11236312e-02   5.11236312e-02   5.11236312e-02   5.11236312e-02
   5.11236312e-02   5.11236312e-02   5.11236312e-02   5.11236312e-02
   5.11236312e-02   5.11236312e-02   5.11236312e-02   5.11236312e-02
   5.11236312e-02   5.11236312e-02   5.11236312e-02   5.11236312e-02
   5.11236312e-02   5.11236312e-02   5.11236312e-02   5.11236312e-02
   5.11236312e-02   5.05035455e-02   5.02599825e-02   5.02599825e-02
   5.02599825e-02   5.02599825e-02   5.02599825e-02   5.02599825e-02
   5.02599825e-02   5.02599825e-02   5.02599825e-02   5.02599825e-02
   5.02599825e-02   5.02599825e-02   5.02599825e-02   5.02599825e-02
   5.02599825e-02   5.02599825e-02   5.02599825e-02   5.02599825e-02
   5.02599825e-02   5.02599825e-02   5.02599825e-02   5.02599825e-02
   5.02599825e-02   5.02599825e-02   5.02599825e-02   5.02599825e-02
   5.02599825e-02   5.02599825e-02   5.01120398e-02   3.18467525e-02
   3.18467525e-02   3.18467525e-02   3.18467525e-02   3.18467525e-02
   3.18467525e-02   3.18467525e-02   3.18467525e-02   3.18467525e-02
   3.18467525e-02   2.85909293e-02   2.28496286e-02   1.61888098e-02
   1.61888098e-02   1.61888098e-02   1.61888098e-02   1.47635802e-02
   1.03757561e-02   9.21001512e-03   9.21001512e-03   7.69242022e-03
   7.69242022e-03   7.69242022e-03   6.06194140e-03   4.07837748e-03
   2.74508357e-03   2.74508357e-03   2.74508357e-03   2.74508357e-03
   2.74508357e-03   2.74508357e-03   2.74508357e-03   2.74508357e-03
   2.74508357e-03   2.74508357e-03   2.74508357e-03   3.82337015e-03
   3.82337015e-03   3.00161007e-03   3.38498286e-03   3.38498286e-03
   1.36187217e-03   1.36187217e-03   1.36187217e-03   1.36187217e-03
   1.36187217e-03   1.36187217e-03   1.36187217e-03   1.36187217e-03
   1.36187217e-03   1.36187217e-03   1.36187217e-03   1.36187217e-03
   1.36187217e-03   1.36187217e-03   1.36187217e-03   1.36187217e-03
   1.36187217e-03   1.36187217e-03   1.36187217e-03   1.36187217e-03
   1.36187217e-03   1.36187217e-03   1.36187217e-03   1.36187217e-03
   1.36187217e-03   1.36187217e-03   1.36187217e-03   1.36187217e-03
   1.19353540e-02   1.19353540e-02   1.19353540e-02   1.19353540e-02
   1.19353540e-02   3.10061420e-02   3.08253753e-02   3.32864218e-02
   1.03870735e-02   7.26690211e-03   2.07565578e-04   2.07565578e-04
   1.31096678e-03   1.31096678e-03   1.31096678e-03   1.31096678e-03
   1.31096678e-03   1.31096678e-03   6.48258582e-03   6.48258582e-03
   6.48258582e-03   2.18228745e-03   1.95893782e-05   1.37013532e-03
   2.58501720e-03   4.24860082e-03   2.33803617e-03   2.33803617e-03
   2.33803617e-03   2.33803617e-03   2.33803617e-03   2.33803617e-03
   2.33803617e-03   2.33803617e-03   2.33803617e-03   2.33803617e-03
   2.33803617e-03   2.33803617e-03   2.33803617e-03   2.33803617e-03
   2.33803617e-03   2.33803617e-03   1.26414792e-03   1.26414792e-03
   1.26414792e-03   4.04242543e-03   7.20370487e-04   6.97169848e-04
   6.97169848e-04   6.97169848e-04   6.97169848e-04   6.97169848e-04
   6.97169848e-04   6.97169848e-04   6.97169848e-04   6.97169848e-04
   6.97169848e-04   6.97169848e-04   6.97169848e-04   6.97169848e-04
   6.97169848e-04   6.97169848e-04   6.97169848e-04   6.97169848e-04
   6.97169848e-04   6.97169848e-04   1.31507343e-02   1.31507343e-02
   2.67913581e-02   2.46695923e-02   2.15428395e-02   1.60437489e-02
   1.60437489e-02   1.60437489e-02   3.35236670e-03   3.83738186e-03
   3.83738186e-03   3.83738186e-03   3.83738186e-03   3.83738186e-03
   3.83738186e-03   3.83738186e-03   3.83738186e-03   3.83738186e-03
   3.83738186e-03   3.83738186e-03   3.83738186e-03   3.83738186e-03
   3.83738186e-03   3.83738186e-03   3.83738186e-03   3.83738186e-03
   3.83738186e-03   3.83738186e-03   3.83738186e-03   3.83738186e-03
   3.83738186e-03   3.83738186e-03   3.83738186e-03   3.83738186e-03
   3.83738186e-03   3.83738186e-03   3.83738186e-03   3.83738186e-03
   3.83738186e-03   3.83738186e-03   3.83738186e-03   3.83738186e-03
   3.83738186e-03   3.83738186e-03   3.83738186e-03   3.83738186e-03
   3.83738186e-03   3.83738186e-03   3.83738186e-03   3.83738186e-03
   3.83738186e-03   3.83738186e-03   3.83738186e-03   3.83738186e-03
   3.83738186e-03   3.83738186e-03   3.83738186e-03   3.83738186e-03
   3.83738186e-03   3.83738186e-03   3.83738186e-03   3.83738186e-03
   3.83738186e-03   3.83738186e-03   3.83738186e-03   3.83738186e-03
   3.83738186e-03   3.83738186e-03   3.83738186e-03   3.83738186e-03
   3.83738186e-03   3.83738186e-03   3.83738186e-03   3.83738186e-03
   3.83738186e-03   3.83738186e-03   3.83738186e-03   3.83738186e-03
   3.83738186e-03   3.83738186e-03   3.83738186e-03   3.83738186e-03
   3.83738186e-03   3.83738186e-03   3.83738186e-03   3.83738186e-03
   3.83738186e-03   3.83738186e-03   3.83738186e-03   3.83738186e-03
   3.83738186e-03   3.83738186e-03   3.83738186e-03   3.83738186e-03
   3.83738186e-03   3.83738186e-03   3.83738186e-03   3.83738186e-03
   3.83738186e-03   3.83738186e-03   3.83738186e-03   3.83738186e-03
   1.50625107e-02   1.62500898e-02   1.62500898e-02   1.62500898e-02
   1.50716558e-02   1.31664186e-02   8.74258029e-03   8.74258029e-03
   8.74258029e-03   8.74258029e-03   8.74258029e-03   8.74258029e-03
   8.74258029e-03   8.74258029e-03   8.74258029e-03   8.74258029e-03
   8.74258029e-03   8.74258029e-03   8.74258029e-03   8.74258029e-03
   8.74258029e-03   8.74258029e-03   8.74258029e-03   8.74258029e-03
   8.74258029e-03   8.74258029e-03   8.74258029e-03   8.74258029e-03
   8.74258029e-03   8.74258029e-03   8.74258029e-03   8.74258029e-03
   8.74258029e-03   8.74258029e-03   8.74258029e-03   8.74258029e-03
   8.74258029e-03   8.74258029e-03   8.74258029e-03   8.74258029e-03
   8.74258029e-03   8.74258029e-03   8.74258029e-03   8.74258029e-03
   8.74258029e-03   8.74258029e-03   8.74258029e-03   8.74258029e-03
   8.74258029e-03   8.74258029e-03   8.74258029e-03   8.74258029e-03
   8.74258029e-03   8.74258029e-03   8.74258029e-03   8.74258029e-03
   8.74258029e-03   8.74258029e-03   8.74258029e-03   8.74258029e-03
   8.74258029e-03   8.74258029e-03   8.74258029e-03   8.74258029e-03
   8.74258029e-03   8.74258029e-03   8.74258029e-03   8.74258029e-03
   8.74258029e-03   8.74258029e-03   8.74258029e-03   8.74258029e-03
   8.74258029e-03   8.74258029e-03   8.74258029e-03   8.74258029e-03
   8.74258029e-03   8.74258029e-03   8.74258029e-03   8.74258029e-03
   8.74258029e-03   8.74258029e-03   8.74258029e-03   8.74258029e-03
   8.74258029e-03   8.74258029e-03   8.74258029e-03   8.74258029e-03
   8.74258029e-03   8.74258029e-03   8.74258029e-03   8.74258029e-03
   8.74258029e-03   8.74258029e-03   8.74258029e-03   8.74258029e-03
   8.74258029e-03   8.74258029e-03   8.74258029e-03   8.74258029e-03
   8.74258029e-03   8.74258029e-03   8.74258029e-03   8.74258029e-03
   8.74258029e-03   8.74258029e-03   8.74258029e-03   8.74258029e-03
   8.74258029e-03   8.74258029e-03   8.74258029e-03   8.74258029e-03
   8.74258029e-03   8.74258029e-03   8.74258029e-03   8.74258029e-03
   8.74258029e-03   8.74258029e-03   8.74258029e-03   8.74258029e-03
   8.74258029e-03   8.74258029e-03   8.74258029e-03   8.74258029e-03
   8.74258029e-03   8.74258029e-03   8.74258029e-03   8.74258029e-03
   8.74258029e-03   8.74258029e-03   8.74258029e-03   8.74258029e-03
   8.74258029e-03   8.74258029e-03   8.74258029e-03   8.74258029e-03
   8.74258029e-03   8.74258029e-03   8.74258029e-03   8.74258029e-03
   8.74258029e-03   8.74258029e-03   8.74258029e-03   8.74258029e-03
   8.74258029e-03   8.74258029e-03   8.74258029e-03   8.74258029e-03
   8.74258029e-03   8.74258029e-03   8.74258029e-03   8.74258029e-03
   8.74258029e-03   8.74258029e-03   8.74258029e-03   8.74258029e-03
   8.74258029e-03   8.74258029e-03   8.74258029e-03   8.74258029e-03
   8.74258029e-03   8.74258029e-03   8.74258029e-03   8.74258029e-03
   8.74258029e-03   8.74258029e-03   8.74258029e-03   8.74258029e-03
   8.74258029e-03   8.74258029e-03   8.74258029e-03   8.74258029e-03
   8.74258029e-03   8.74258029e-03   8.74258029e-03   8.74258029e-03
   8.74258029e-03   8.74258029e-03   8.74258029e-03   8.74258029e-03
   8.74258029e-03   8.74258029e-03   8.74258029e-03   8.74258029e-03
   8.74258029e-03   8.74258029e-03   8.74258029e-03   8.74258029e-03
   8.74258029e-03   8.74258029e-03   8.74258029e-03   8.74258029e-03
   8.74258029e-03   8.74258029e-03   8.74258029e-03   8.74258029e-03
   8.74258029e-03   8.74258029e-03   8.74258029e-03   8.74258029e-03
   8.74258029e-03   8.74258029e-03   8.74258029e-03   8.74258029e-03
   8.74258029e-03   8.74258029e-03   8.74258029e-03   8.74258029e-03
   8.74258029e-03   8.74258029e-03   8.74258029e-03   8.74258029e-03
   8.74258029e-03   8.74258029e-03   8.74258029e-03   8.74258029e-03
   8.74258029e-03   8.74258029e-03   8.74258029e-03   8.74258029e-03
   8.74258029e-03   8.74258029e-03   8.74258029e-03   8.74258029e-03
   8.74258029e-03   8.74258029e-03   8.74258029e-03   8.74258029e-03
   8.74258029e-03   8.74258029e-03   8.74258029e-03   8.74258029e-03
   8.74258029e-03   8.74258029e-03   8.74258029e-03   8.74258029e-03
   8.74258029e-03   8.74258029e-03   8.74258029e-03   8.74258029e-03
   8.74258029e-03   8.74258029e-03   8.74258029e-03   8.74258029e-03
   8.74258029e-03   8.74258029e-03   8.74258029e-03   8.74258029e-03
   8.74258029e-03   8.74258029e-03   8.74258029e-03   8.74258029e-03
   8.74258029e-03   8.74258029e-03   8.74258029e-03   8.74258029e-03
   8.74258029e-03   8.74258029e-03   8.74258029e-03   8.74258029e-03
   8.74258029e-03   8.74258029e-03   8.74258029e-03   8.74258029e-03
   8.74258029e-03   8.74258029e-03   8.74258029e-03   8.74258029e-03
   8.74258029e-03   8.74258029e-03   8.74258029e-03   8.74258029e-03
   8.74258029e-03   8.74258029e-03   8.74258029e-03   8.74258029e-03
   8.74258029e-03   8.74258029e-03   8.74258029e-03   8.74258029e-03
   8.74258029e-03   8.74258029e-03   8.74258029e-03   8.74258029e-03
   8.74258029e-03   8.74258029e-03   8.74258029e-03   8.74258029e-03
   8.74258029e-03   8.74258029e-03   8.74258029e-03   8.74258029e-03
   8.74258029e-03   8.74258029e-03   8.74258029e-03   8.74258029e-03
   8.74258029e-03   8.74258029e-03   8.74258029e-03   8.74258029e-03
   8.74258029e-03   8.74258029e-03   8.74258029e-03   8.74258029e-03
   8.74258029e-03   8.74258029e-03   8.74258029e-03   8.74258029e-03
   8.74258029e-03   8.74258029e-03   8.74258029e-03   8.74258029e-03
   8.74258029e-03   8.74258029e-03   8.74258029e-03   8.74258029e-03
   8.74258029e-03   8.74258029e-03   8.74258029e-03   8.74258029e-03
   8.74258029e-03   8.74258029e-03   8.74258029e-03   8.74258029e-03
   8.74258029e-03   8.74258029e-03   8.74258029e-03   8.74258029e-03
   8.74258029e-03   8.74258029e-03   8.74258029e-03   8.74258029e-03
   8.74258029e-03   8.74258029e-03   8.74258029e-03   8.74258029e-03
   8.74258029e-03   8.74258029e-03   8.74258029e-03   8.74258029e-03
   8.74258029e-03   8.74258029e-03   8.74258029e-03   8.74258029e-03
   8.74258029e-03   8.74258029e-03   8.74258029e-03   8.74258029e-03
   8.74258029e-03   8.74258029e-03   8.74258029e-03   8.74258029e-03
   8.74258029e-03   8.74258029e-03   8.74258029e-03   8.74258029e-03
   8.74258029e-03   8.74258029e-03   8.74258029e-03   8.74258029e-03
   8.74258029e-03   8.74258029e-03   8.74258029e-03   8.74258029e-03
   8.74258029e-03   8.74258029e-03   8.74258029e-03   8.74258029e-03
   8.74258029e-03   8.74258029e-03   8.74258029e-03   8.74258029e-03
   8.74258029e-03   8.74258029e-03   8.74258029e-03   3.39134600e-02
   3.64191877e-02   4.31635778e-02   3.73072472e-02   3.73072472e-02
   3.73072472e-02   3.73072472e-02   3.73072472e-02   3.73072472e-02
   3.73072472e-02   3.73072472e-02   4.33643588e-02   3.08533657e-02
   2.59732849e-02   2.23109193e-02   2.13446191e-02   2.13446191e-02
   2.13446191e-02   2.13446191e-02   2.13446191e-02   2.13446191e-02
   2.13446191e-02   2.13446191e-02   2.13446191e-02   2.13446191e-02
   2.13446191e-02   2.13446191e-02   2.13446191e-02   2.13446191e-02
   2.13446191e-02   2.13446191e-02   2.13446191e-02   2.13446191e-02
   2.13446191e-02   2.13446191e-02   2.13446191e-02   2.13446191e-02
   2.13446191e-02   2.71447940e-02   2.71447940e-02   2.71447940e-02
   2.11355026e-02   1.95746567e-02   1.62707930e-02   1.95746567e-02
   1.95746567e-02   2.78982739e-02   2.78982739e-02   2.78982739e-02
   2.43745010e-02   2.47901007e-02   2.47901007e-02   2.47901007e-02
   2.47901007e-02   2.47901007e-02   2.47901007e-02   2.47901007e-02
   2.47901007e-02   2.47901007e-02   2.47901007e-02   2.47901007e-02
   2.47901007e-02   2.47901007e-02   2.47901007e-02   2.47901007e-02
   2.47901007e-02   2.47901007e-02   2.47901007e-02   2.47901007e-02
   2.47901007e-02   2.47901007e-02   2.47901007e-02   2.47901007e-02
   2.47901007e-02   2.47901007e-02   2.47901007e-02   2.47901007e-02
   2.47901007e-02   2.47901007e-02   2.47901007e-02   2.47901007e-02
   2.47901007e-02   2.47901007e-02   2.59357288e-02   1.69005017e-02
   1.91886436e-02   1.83941285e-02   1.83941285e-02   1.83941285e-02
   3.18072130e-04   3.18072130e-04   3.18072130e-04   3.18072130e-04
   3.18072130e-04   3.18072130e-04   3.18072130e-04   3.18072130e-04
   3.18072130e-04   3.18072130e-04   3.18072130e-04   3.18072130e-04
   3.18072130e-04   3.18072130e-04   3.18072130e-04   3.18072130e-04
   3.18072130e-04   3.18072130e-04   3.18072130e-04   3.18072130e-04
   3.18072130e-04   3.18072130e-04   3.18072130e-04   3.18072130e-04
   3.18072130e-04   3.18072130e-04   3.18072130e-04   3.18072130e-04
   3.18072130e-04   3.18072130e-04   3.18072130e-04   3.18072130e-04
   3.18072130e-04   3.18072130e-04   3.18072130e-04   3.18072130e-04
   3.18072130e-04   3.18072130e-04   3.18072130e-04   3.18072130e-04
   3.18072130e-04   3.18072130e-04   3.18072130e-04   3.18072130e-04
   1.00903141e-03   1.00903141e-03   4.82799101e-03   4.82799101e-03
   4.82799101e-03   4.82799101e-03   4.82799101e-03   4.82799101e-03
   4.93807817e-03   5.74542621e-03   5.74542621e-03   5.74542621e-03
   5.74542621e-03   4.26720533e-03   4.26720533e-03   4.26720533e-03
   4.26720533e-03   4.26720533e-03   4.26720533e-03   4.26720533e-03
   4.26720533e-03   4.26720533e-03   4.26720533e-03   4.26720533e-03
   4.26720533e-03   4.26720533e-03   4.26720533e-03   4.26720533e-03
   4.26720533e-03   4.26720533e-03   4.26720533e-03   4.26720533e-03
   4.26720533e-03   4.26720533e-03   1.85626018e-03   1.85626018e-03
   3.01156836e-04   3.01156836e-04   3.01156836e-04   3.01156836e-04
   6.34282480e-03   6.34282480e-03   6.34282480e-03   6.34282480e-03
   6.34282480e-03   6.34282480e-03   6.34282480e-03   1.71206982e-02
   2.15609556e-02   2.30799064e-02   2.35291192e-02   1.85601394e-02
   1.85601394e-02   1.85601394e-02   1.85601394e-02   3.51249487e-02
   2.99744785e-02   3.35428888e-02   3.35428888e-02   3.35428888e-02
   3.91155645e-02   3.82113882e-02   3.91678893e-02   3.91678893e-02
   5.06935899e-02   1.40254579e-02   7.77724682e-03   4.67840971e-03
   4.67840971e-03   4.67840971e-03   7.29900043e-03   2.61703451e-03
   1.91052460e-03   1.41794201e-03   1.41794201e-03   1.41794201e-03
   1.91052460e-03   4.06371207e-03   4.06371207e-03   4.06371207e-03
   4.06371207e-03   4.06371207e-03   4.06371207e-03   4.06371207e-03
   4.06371207e-03   4.06371207e-03   4.06371207e-03   5.38849353e-03
   7.86364030e-04   7.86364030e-04   7.86364030e-04   7.86364030e-04],
