[ 0.2309005   0.2309005   0.2309005   0.2309005   0.24364173  0.23511665
  0.24691708  0.21330719  0.19508736  0.2006229   0.2038483   0.18992194
  0.18992194  0.18992194  0.18992194  0.18992194  0.18992194  0.18992194
  0.18992194  0.18992194  0.18992194  0.18992194  0.19269768  0.17885974
  0.18293853  0.17631183  0.16708701  0.16708701  0.15164458  0.14535473
  0.14535473  0.13495719  0.13495719  0.13495719  0.13495719  0.13495719
  0.13495719  0.13495719  0.13495719  0.13495719  0.13495719  0.13495719
  0.13495719  0.13495719  0.13495719  0.13495719  0.13495719  0.13495719
  0.13495719  0.13495719  0.13495719  0.13495719  0.13495719  0.13495719
  0.13495719  0.13495719  0.13495719  0.13495719  0.13495719  0.13495719
  0.13495719  0.13495719  0.13495719  0.13495719  0.13495719  0.13495719
  0.13495719  0.13495719  0.13495719  0.13495719  0.13495719  0.13495719
  0.13495719  0.13495719  0.13495719  0.13495719  0.13495719  0.13495719
  0.13495719  0.13495719  0.13495719  0.13495719  0.13495719  0.13495719
  0.13495719  0.13495719  0.13495719  0.13495719  0.13495719  0.13495719
  0.13495719  0.13495719  0.13495719  0.13495719  0.13495719  0.13495719
  0.13495719  0.13495719  0.13495719  0.13495719  0.13495719  0.13495719
  0.13495719  0.13495719  0.13495719  0.13495719  0.13495719  0.13495719
  0.13495719  0.13495719  0.13495719  0.13495719  0.13495719  0.13495719
  0.13495719  0.13495719  0.13495719  0.13495719  0.13495719  0.13495719
  0.13495719  0.13495719  0.13495719  0.13495719  0.13495719  0.13495719
  0.13495719  0.13495719  0.13495719  0.13495719  0.13495719  0.13495719
  0.13495719  0.13495719  0.13495719  0.13495719  0.13495719  0.13495719
  0.13495719  0.13495719  0.13495719  0.13495719  0.13495719  0.13495719
  0.13495719  0.13495719  0.13495719  0.13495719  0.13495719  0.13495719
  0.13495719  0.13495719  0.13495719  0.13495719  0.13495719  0.13495719
  0.13495719  0.13495719  0.13495719  0.13495719  0.13495719  0.13495719
  0.13495719  0.13495719  0.13495719  0.13495719  0.13495719  0.13495719
  0.13495719  0.13495719  0.13495719  0.13495719  0.13495719  0.13495719
  0.13495719  0.13495719  0.13495719  0.13495719  0.13495719  0.13495719
  0.13495719  0.13495719  0.13495719  0.13495719  0.13495719  0.13495719
  0.13495719  0.13495719  0.13495719  0.13495719  0.13495719  0.13495719
  0.13495719  0.13495719  0.13495719  0.13495719  0.13495719  0.13495719
  0.13495719  0.13495719  0.13495719  0.13495719  0.13495719  0.13495719
  0.13495719  0.13495719  0.13495719  0.13495719  0.13495719  0.13495719
  0.13495719  0.13495719  0.13495719  0.13495719  0.13495719  0.13495719
  0.13495719  0.13495719  0.13495719  0.13495719  0.13495719  0.13495719
  0.13495719  0.13495719  0.13495719  0.13495719  0.13495719  0.13495719
  0.13495719  0.13495719  0.13495719  0.13495719  0.13495719  0.14655563
  0.14655563  0.14655563  0.14655563  0.14655563  0.14655563  0.15950076
  0.15950076  0.15950076  0.15950076  0.15387954  0.14978444  0.14978444
  0.14978444  0.14978444  0.14978444  0.14978444  0.14978444  0.14978444
  0.14978444  0.14978444  0.14978444  0.14978444  0.14978444  0.14978444
  0.14978444  0.14978444  0.14978444  0.14978444  0.14978444  0.14978444
  0.14978444  0.14978444  0.14978444  0.14978444  0.14978444  0.14978444
  0.14978444  0.14978444  0.14978444  0.14978444  0.14978444  0.14978444
  0.14978444  0.14978444  0.14978444  0.14978444  0.14978444  0.14978444
  0.14978444  0.14978444  0.14978444  0.14978444  0.14978444  0.14978444
  0.14978444  0.14978444  0.14978444  0.14978444  0.14978444  0.14978444
  0.14978444  0.14978444  0.14978444  0.14978444  0.14978444  0.14978444
  0.14978444  0.14978444  0.14978444  0.14978444  0.14978444  0.14978444
  0.14978444  0.14978444  0.14978444  0.14978444  0.14978444  0.14978444
  0.14978444  0.14978444  0.14978444  0.14978444  0.15036646  0.15088931
  0.15280391  0.15280391  0.15542045  0.15602461  0.15133887  0.13852337
  0.14100228  0.14100228  0.14100228  0.14100228  0.14100228  0.14100228
  0.14100228  0.14100228  0.14100228  0.14100228  0.14100228  0.14100228
  0.14100228  0.14100228  0.14100228  0.14100228  0.14100228  0.14100228
  0.14100228  0.14100228  0.14100228  0.14100228  0.14100228  0.14100228
  0.14100228  0.14100228  0.14100228  0.14714093  0.14169055  0.13462392
  0.12466299  0.12466299  0.12466299  0.12466299  0.12466299  0.12466299
  0.12466299  0.12466299  0.12466299  0.12466299  0.12466299  0.12466299
  0.12466299  0.12466299  0.12466299  0.12466299  0.12466299  0.12466299
  0.12466299  0.12466299  0.12466299  0.12466299  0.12466299  0.12466299
  0.12466299  0.12466299  0.12466299  0.12466299  0.12466299  0.12466299
  0.12466299  0.12466299  0.12466299  0.12466299  0.12466299  0.12466299
  0.12466299  0.12466299  0.12466299  0.12466299  0.12466299  0.12466299
  0.12466299  0.12466299  0.12466299  0.12466299  0.12466299  0.12538074
  0.12538074  0.12538074  0.12538074  0.12538074  0.12538074  0.12538074
  0.12538074  0.12538074  0.12538074  0.12538074  0.12538074  0.12538074
  0.12538074  0.12538074  0.12538074  0.12538074  0.12538074  0.12538074
  0.12538074  0.12538074  0.12538074  0.12538074  0.12538074  0.12538074
  0.12538074  0.12538074  0.12538074  0.12538074  0.12538074  0.12538074
  0.12538074  0.12538074  0.12538074  0.12538074  0.12538074  0.12538074
  0.12538074  0.12538074  0.12538074  0.12538074  0.12538074  0.12538074
  0.12538074  0.12538074  0.12538074  0.12538074  0.12538074  0.12538074
  0.12538074  0.12538074  0.12538074  0.12538074  0.12538074  0.12538074
  0.12538074  0.12538074  0.12538074  0.12538074  0.12538074  0.12538074
  0.12538074  0.12538074  0.12538074  0.12538074  0.12538074  0.12538074
  0.12538074  0.12538074  0.12538074  0.12538074  0.12538074  0.12538074
  0.12538074  0.12538074  0.12538074  0.12538074  0.12538074  0.12538074
  0.12538074  0.12538074  0.12538074  0.12538074  0.13372311  0.15076523
  0.14314264  0.14314264  0.14314264  0.14314264  0.14314264  0.14314264
  0.14314264  0.14314264  0.14314264  0.14314264  0.14314264  0.14314264
  0.14314264  0.16017058  0.16017058  0.16017058  0.16974981  0.167687
  0.1314384   0.1314384   0.1314384   0.1314384   0.1314384   0.1314384
  0.1314384   0.1314384   0.1314384   0.1314384   0.1314384   0.1314384
  0.1314384   0.1314384   0.1314384   0.13053179  0.12864039  0.12864039
  0.12864039  0.12864039  0.12864039  0.12864039  0.12801282  0.12699344
  0.11318359  0.11253897  0.1096477   0.10246741  0.0976974   0.0976974
  0.0976974   0.0976974   0.0976974   0.0976974   0.0976974   0.0976974
  0.0976974   0.0976974   0.0976974   0.0976974   0.0976974   0.0976974
  0.0976974   0.0976974   0.0976974   0.0976974   0.0976974   0.0976974
  0.0976974   0.0976974   0.0976974   0.0976974   0.0976974   0.0976974
  0.0976974   0.0976974   0.0976974   0.0976974   0.0976974   0.0976974
  0.0976974   0.0976974   0.0976974   0.0976974   0.0976974   0.0976974
  0.0976974   0.0976974   0.0976974   0.0976974   0.0976974   0.0976974
  0.0976974   0.0976974   0.0976974   0.0976974   0.0976974   0.0976974
  0.0976974   0.0976974   0.0976974   0.0976974   0.0976974   0.0976974
  0.0976974   0.0976974   0.0976974   0.0976974   0.0976974   0.0976974
  0.0976974   0.0976974   0.0976974   0.0976974   0.0976974   0.0976974
  0.10452469  0.10452469  0.06282943  0.06282943  0.06346261  0.06130406
  0.06112315  0.05631722  0.05189337  0.0496927   0.0493147   0.04466169
  0.04466169  0.04407496  0.03314167  0.02482049  0.02482049  0.02482049
  0.02446727  0.02140585  0.02140585  0.02140585  0.02140585  0.02140585
  0.02140585  0.02140585  0.02140585  0.02140585  0.02140585  0.02140585
  0.02140585  0.02140585  0.02140585  0.02140585  0.02140585  0.02140585
  0.02140585  0.02140585  0.02140585  0.02140585  0.02140585  0.02140585
  0.02140585  0.02140585  0.02140585  0.02140585  0.02140585  0.02140585
  0.02140585  0.02140585  0.02140585  0.02140585  0.02140585  0.02140585
  0.02140585  0.02140585  0.02140585  0.02140585  0.02140585  0.02140585
  0.02140585  0.02140585  0.02140585  0.02140585  0.02140585  0.02140585
  0.02140585  0.02140585  0.02140585  0.02140585  0.02140585  0.02140585
  0.02140585  0.02140585  0.02140585  0.02140585  0.02140585  0.02140585
  0.02140585  0.02140585  0.02140585  0.02140585  0.02140585  0.02140585
  0.02140585  0.02140585  0.02140585  0.02140585  0.02140585  0.02140585
  0.02140585  0.02140585  0.02140585  0.02140585  0.02140585  0.02140585
  0.02140585  0.02140585  0.02140585  0.02140585  0.02140585  0.02140585
  0.02140585  0.02140585  0.02140585  0.02140585  0.02140585  0.02140585
  0.02140585  0.02140585  0.02140585  0.02140585  0.02140585  0.02140585
  0.02140585  0.02140585  0.02140585  0.02140585  0.02140585  0.02140585
  0.02140585  0.02140585  0.02140585  0.02140585  0.02140585  0.02140585
  0.02140585  0.02140585  0.02140585  0.02140585  0.02140585  0.02140585
  0.02140585  0.02140585  0.02140585  0.02140585  0.02140585  0.02140585
  0.02140585  0.02140585  0.02140585  0.02140585  0.02140585  0.02140585
  0.02140585  0.02140585  0.02140585  0.02140585  0.02140585  0.02140585
  0.02140585  0.02140585  0.02140585  0.02140585  0.02140585  0.02140585
  0.02140585  0.02140585  0.02140585  0.02140585  0.02140585  0.02140585
  0.02140585  0.02140585  0.02140585  0.02140585  0.02140585  0.02140585
  0.02140585  0.02140585  0.02140585  0.02140585  0.02140585  0.02140585
  0.02140585  0.02140585  0.02140585  0.02140585  0.02140585  0.02140585
  0.02140585  0.02140585  0.02140585  0.02140585  0.02140585  0.02140585
  0.02140585  0.02140585  0.02140585  0.02140585  0.02140585  0.02140585
  0.02140585  0.02140585  0.02140585  0.02140585  0.02140585  0.02140585
  0.02140585  0.02140585  0.02140585  0.02140585  0.02140585  0.02140585
  0.02140585  0.02140585  0.02140585  0.02140585  0.02140585  0.02140585
  0.02140585  0.02140585  0.02140585  0.02140585  0.02140585  0.02140585
  0.02140585  0.02140585  0.02140585  0.02140585  0.02140585  0.02140585
  0.02140585  0.02140585  0.02140585  0.02140585  0.02140585  0.02140585
  0.02140585  0.02140585  0.02140585  0.02140585  0.02140585  0.02140585
  0.02140585  0.02140585  0.02140585  0.02140585  0.02140585  0.02140585
  0.02140585  0.02140585  0.02140585  0.02140585  0.02140585  0.02140585
  0.02140585  0.02140585  0.02140585  0.02140585  0.02140585  0.02140585
  0.02140585  0.02140585  0.02140585  0.02140585  0.02140585  0.02140585
  0.02140585  0.02140585  0.02140585  0.02140585  0.02140585  0.02140585
  0.02140585  0.02140585  0.02140585  0.02140585  0.02140585  0.02140585
  0.02140585  0.02140585  0.02140585  0.02140585  0.02140585  0.02140585
  0.02140585  0.02140585  0.02140585  0.02140585  0.02140585  0.02140585
  0.02140585  0.02140585  0.02140585  0.02140585  0.02140585  0.02140585
  0.02140585  0.02140585  0.02140585  0.02140585  0.02140585  0.02140585
  0.02140585  0.02140585  0.02140585  0.02140585  0.02140585  0.02140585
  0.02140585  0.02140585  0.02140585  0.02140585  0.02140585  0.02140585
  0.02140585  0.02140585  0.02140585  0.02140585  0.02140585  0.02140585
  0.02140585  0.02140585  0.02140585  0.02140585  0.02140585  0.02140585
  0.02140585  0.02140585  0.02140585  0.02140585  0.02140585  0.02140585
  0.02140585  0.02140585  0.02140585  0.02140585  0.02140585  0.02140585
  0.02140585  0.02140585  0.02140585  0.02140585  0.02140585  0.02140585
  0.02140585  0.02140585  0.02140585  0.02140585  0.02140585  0.02140585
  0.02140585  0.02140585  0.02140585  0.02140585  0.02140585  0.02140585
  0.02140585  0.02140585  0.02140585  0.02140585  0.02140585  0.02140585
  0.02140585  0.02140585  0.02140585  0.02140585  0.02140585  0.02140585
  0.02140585  0.02140585  0.02140585  0.02140585  0.02140585  0.02140585
  0.02140585  0.02140585  0.02140585  0.02140585  0.02140585  0.02140585
  0.02140585  0.02140585  0.02140585  0.02140585  0.02140585  0.02140585
  0.02140585  0.02140585  0.02140585  0.02140585  0.02140585  0.02140585
  0.02140585  0.02140585  0.02140585  0.02140585  0.02140585  0.02140585
  0.02140585  0.02140585  0.02140585  0.02140585  0.02140585  0.02140585
  0.02140585  0.02140585  0.02140585  0.02140585],
[ 0.26891963  0.25700983  0.24366531  0.23135419  0.23135419  0.24478382
  0.26015421  0.23795834  0.21649153  0.21649153  0.21649153  0.21649153
  0.21649153  0.21649153  0.21649153  0.21649153  0.21649153  0.21649153
  0.21649153  0.20493863  0.20657881  0.20222013  0.18799004  0.18799004
  0.18799004  0.18799004  0.18799004  0.18799004  0.19481728  0.18924618
  0.18924618  0.19170645  0.19170645  0.18713825  0.18713825  0.18178701
  0.17509731  0.16714408  0.16714408  0.16714408  0.16714408  0.16714408
  0.16714408  0.16714408  0.16714408  0.16714408  0.16714408  0.16714408
  0.16714408  0.16714408  0.18198099  0.17197628  0.15115627  0.15115627
  0.15115627  0.15115627  0.15115627  0.15115627  0.15115627  0.15115627
  0.15115627  0.15115627  0.15115627  0.15115627  0.15115627  0.15115627
  0.15115627  0.15115627  0.15115627  0.15115627  0.15115627  0.15115627
  0.15115627  0.15115627  0.15115627  0.15115627  0.15115627  0.15115627
  0.15115627  0.15115627  0.15115627  0.15115627  0.15115627  0.15115627
  0.15115627  0.15115627  0.15115627  0.15115627  0.15115627  0.15115627
  0.15115627  0.15115627  0.15115627  0.15115627  0.15115627  0.15115627
  0.15115627  0.15115627  0.15115627  0.15115627  0.15115627  0.15115627
  0.15115627  0.15115627  0.15115627  0.15115627  0.15115627  0.15115627
  0.15115627  0.15115627  0.15115627  0.15115627  0.15115627  0.15115627
  0.15115627  0.15115627  0.15115627  0.15115627  0.15115627  0.15115627
  0.15115627  0.15115627  0.15115627  0.15115627  0.15115627  0.15115627
  0.15115627  0.15115627  0.15115627  0.15115627  0.15115627  0.15115627
  0.15115627  0.15115627  0.15115627  0.15115627  0.15115627  0.15115627
  0.15115627  0.15115627  0.15115627  0.15115627  0.15115627  0.15115627
  0.15115627  0.15115627  0.15115627  0.15115627  0.15115627  0.15115627
  0.15115627  0.15115627  0.15115627  0.15115627  0.15115627  0.15115627
  0.15115627  0.15115627  0.15115627  0.15115627  0.15115627  0.15115627
  0.15115627  0.15115627  0.15115627  0.15115627  0.15115627  0.15115627
  0.15115627  0.15115627  0.15387556  0.14553923  0.14553923  0.14553923
  0.14553923  0.14553923  0.14151145  0.13969059  0.13983085  0.13983085
  0.13983085  0.13983085  0.13983085  0.13983085  0.13983085  0.13983085
  0.13983085  0.13983085  0.13983085  0.13983085  0.13983085  0.13983085
  0.13983085  0.13983085  0.13983085  0.14055499  0.14055499  0.14055499
  0.14055499  0.14055499  0.14055499  0.14055499  0.14055499  0.14055499
  0.14055499  0.14055499  0.14055499  0.14055499  0.14055499  0.14055499
  0.14055499  0.14055499  0.14055499  0.14213317  0.14213317  0.14213317
  0.14213317  0.14213317  0.14213317  0.14213317  0.14213317  0.14213317
  0.14213317  0.14213317  0.14213317  0.14213317  0.14213317  0.14213317
  0.14213317  0.14213317  0.16718873  0.16318787  0.1538482   0.14863502
  0.15077075  0.14191048  0.13693911  0.14249363  0.13988556  0.13169966
  0.13625131  0.13875104  0.13560541  0.13138113  0.12471148  0.12155092
  0.11549171  0.12250384  0.12317411  0.10185882  0.10465566  0.1013524
  0.09479285  0.09050545  0.09580058  0.09580058  0.10291727  0.10176274
  0.10064714  0.10064714  0.10064714  0.09765687  0.09856298  0.0993932
  0.09916187  0.08740501  0.08775879  0.08434112  0.07633925  0.07476922
  0.0704291   0.07771122  0.07154206  0.07154206  0.07154206  0.07154206
  0.07154206  0.07154206  0.08761177  0.0882969   0.0854146   0.08864271
  0.0854146   0.08795679  0.08737881  0.08917775  0.08682146  0.08551924
  0.08551924  0.08551924  0.08551924  0.08551924  0.08551924  0.08551924
  0.08551924  0.08551924  0.08551924  0.08551924  0.08551924  0.08551924
  0.08551924  0.08551924  0.08551924  0.08551924  0.08551924  0.08551924
  0.08551924  0.08551924  0.08551924  0.08551924  0.08551924  0.08551924
  0.08551924  0.08551924  0.08551924  0.08551924  0.08551924  0.08551924
  0.08551924  0.08551924  0.08551924  0.08551924  0.08551924  0.08551924
  0.08551924  0.08551924  0.08551924  0.08551924  0.08551924  0.08551924
  0.08551924  0.08551924  0.08551924  0.08551924  0.08551924  0.08551924
  0.08551924  0.08551924  0.08551924  0.08551924  0.08551924  0.08551924
  0.08551924  0.08551924  0.08551924  0.08551924  0.08551924  0.08551924
  0.08551924  0.08551924  0.08551924  0.08551924  0.08551924  0.08551924
  0.08551924  0.08551924  0.08551924  0.08551924  0.08551924  0.08551924
  0.08551924  0.08551924  0.08551924  0.08551924  0.08551924  0.08551924
  0.08551924  0.08551924  0.08551924  0.08551924  0.08551924  0.08551924
  0.08551924  0.08551924  0.08551924  0.08551924  0.08551924  0.08551924
  0.08551924  0.08551924  0.08551924  0.08551924  0.08551924  0.08551924
  0.08551924  0.08551924  0.08551924  0.08551924  0.08551924  0.08551924
  0.08551924  0.08551924  0.08551924  0.08551924  0.08551924  0.08551924
  0.08551924  0.08551924  0.08551924  0.08551924  0.08551924  0.08551924
  0.08551924  0.08551924  0.08551924  0.08551924  0.08551924  0.08551924
  0.08551924  0.08551924  0.08551924  0.08551924  0.08551924  0.08551924
  0.08551924  0.08551924  0.08551924  0.08551924  0.08551924  0.08551924
  0.08551924  0.08551924  0.08551924  0.08551924  0.08551924  0.08551924
  0.08551924  0.08551924  0.08551924  0.08551924  0.08551924  0.08551924
  0.08551924  0.08551924  0.08551924  0.08551924  0.08551924  0.08551924
  0.08551924  0.08551924  0.08551924  0.08551924  0.08551924  0.08551924
  0.08551924  0.08551924  0.08551924  0.08551924  0.08551924  0.08551924
  0.08551924  0.08551924  0.08551924  0.08551924  0.08551924  0.08551924
  0.08551924  0.08551924  0.08551924  0.08551924  0.08551924  0.08551924
  0.12738468  0.12738468  0.12738468  0.12738468  0.12738468  0.1329376
  0.13234993  0.1254618   0.1254618   0.1254618   0.1254618   0.12663405
  0.12839248  0.12437853  0.13615519  0.14044335  0.13741026  0.13741026
  0.14394209  0.13720709  0.13037982  0.12794322  0.12410541  0.12410541
  0.12410541  0.12410541  0.12410541  0.12410541  0.12410541  0.12410541
  0.12410541  0.12410541  0.12410541  0.12410541  0.12410541  0.12410541
  0.12410541  0.12410541  0.12410541  0.12410541  0.15234538  0.1531338
  0.1531338   0.1531338   0.1531338   0.1531338   0.15941991  0.14493426
  0.13996635  0.13847536  0.13928546  0.13578537  0.13578537  0.13578537
  0.14342902  0.1474862   0.15073012  0.15016725  0.14804188  0.14599912
  0.14210867  0.13865629  0.1346387   0.1346387   0.13498831  0.13758094
  0.13758094  0.13778059  0.13280474  0.12654584  0.12654584  0.12782537
  0.12952571  0.12952571  0.13149798  0.13347635  0.13253855  0.13253855
  0.12971534  0.1306868   0.1306868   0.1306868   0.13323084  0.13169883
  0.13110573  0.13289337  0.12996199  0.12772693  0.12363242  0.12363242
  0.12363242  0.12363242  0.12363242  0.12363242  0.14697093  0.14304439
  0.1412361   0.1412361   0.1412361   0.14087583  0.14087583  0.13629773
  0.13495503  0.13675674  0.13693608  0.13698289  0.13374169  0.1260592
  0.10432456  0.10307208  0.10307208  0.1017655   0.10109475  0.09702552
  0.09702552  0.09774603  0.09774603  0.09795517  0.09303053  0.09303053
  0.09303053  0.09878205  0.09775164  0.09775164  0.09775164  0.09775164
  0.09775164  0.09775164  0.09775164  0.09775164  0.09775164  0.09811488
  0.09430669  0.09248982  0.08680343  0.08219908  0.08041423  0.08196239
  0.07816879  0.07816879  0.07816879  0.07567261  0.07484831  0.07261833
  0.07475697  0.07510577  0.07510577  0.06232559  0.06029546  0.06165662
  0.0637868   0.06287595  0.06277745  0.06277745  0.06277745  0.07122202
  0.06872249  0.06687829  0.06687829  0.06518786  0.06524374  0.0633041
  0.06047926  0.06012082  0.06087147  0.05859434  0.05741598  0.05741598
  0.05741598  0.05973536  0.03289351  0.03376295  0.0345653   0.03608339
  0.03389525  0.03389525  0.03389525  0.03389525  0.03389525  0.03389525
  0.03389525  0.03389525  0.03389525  0.03389525  0.03389525  0.03389525
  0.03389525  0.03389525  0.03389525  0.03389525  0.03389525  0.03389525
  0.03389525  0.03389525  0.03389525  0.03389525  0.03389525  0.03389525
  0.03389525  0.03389525  0.03389525  0.03389525  0.03389525  0.03389525
  0.03389525  0.03389525  0.03389525  0.03389525  0.03389525  0.03389525
  0.03389525  0.03389525  0.03389525  0.03389525  0.03389525  0.03389525
  0.03389525  0.03389525  0.03389525  0.03389525  0.03389525  0.03389525
  0.03389525  0.03389525  0.03389525  0.03389525  0.03389525  0.03389525
  0.03389525  0.03389525  0.03389525  0.03389525  0.03389525  0.03389525
  0.06140824  0.06271405  0.0617578   0.05526383  0.05325294  0.05630528
  0.05684554  0.0539068   0.05344044  0.05345985  0.05009027  0.05009027
  0.05009027  0.03331593  0.03626117  0.0429875   0.04605446  0.04750856
  0.04260232  0.04260232  0.04260232  0.04063614  0.0404677   0.03400109
  0.03400109  0.03400109  0.03931391  0.03931391  0.03931391  0.03931391
  0.03931391  0.04214469  0.04214469  0.0440478   0.03190455  0.03399025
  0.03399025  0.0403641   0.039276    0.03796785  0.03796785  0.04486255
  0.04486255  0.04960039  0.04943527  0.05124481  0.05185608  0.05247775
  0.05432386  0.05420142  0.05420142  0.05944948  0.0582303   0.05681567
  0.05681567  0.06138407  0.06302178  0.06302178  0.06302178  0.06608838
  0.06033874  0.05884828  0.05723615  0.05016256  0.04775196  0.04969325
  0.04969325  0.04969325  0.04969325  0.04969325  0.04969325  0.04969325
  0.04969325  0.04969325  0.04969325  0.04969325  0.04969325  0.04969325
  0.04969325  0.04969325  0.04969325  0.04969325  0.04969325  0.04969325
  0.04969325  0.04969325  0.04969325  0.04969325  0.04969325  0.04969325
  0.04969325  0.04969325  0.04969325  0.04969325  0.04969325  0.04969325
  0.04969325  0.04969325  0.04969325  0.04969325  0.04969325  0.05592814
  0.05592814  0.06236173  0.06160698  0.06099119  0.05887217  0.05887217
  0.05887217  0.0592147   0.0592147   0.0592147   0.0592147   0.0592147
  0.0592147   0.0592147   0.0592147   0.0592147   0.0592147   0.0592147
  0.0592147   0.0592147   0.0592147   0.0592147   0.0592147   0.0592147
  0.0592147   0.06355451  0.06316125  0.06316125  0.06326039  0.06041921
  0.05893518  0.05855895  0.05855895  0.05851402  0.05851402  0.05654586
  0.05654586  0.05604071  0.05604071  0.05604071  0.05604071  0.05604071
  0.05604071  0.05604071  0.05604071  0.05604071  0.05604071  0.05604071
  0.05604071  0.05604071  0.05604071  0.05604071  0.05604071  0.05604071
  0.05604071  0.05604071  0.05604071  0.05604071  0.05604071  0.05604071
  0.05604071  0.05604071  0.05604071  0.05604071  0.05604071  0.05604071
  0.05604071  0.05604071  0.05604071  0.05604071  0.05604071  0.05604071
  0.05604071  0.05604071  0.05604071  0.05604071  0.05604071  0.05604071
  0.05604071  0.05604071  0.05604071  0.05604071  0.05604071  0.05604071
  0.05604071  0.05604071  0.05604071  0.05604071  0.05604071  0.05604071
  0.05604071  0.05604071  0.05604071  0.05604071  0.05604071  0.05604071
  0.05604071  0.05604071  0.05604071  0.05604071  0.05604071  0.05604071
  0.05604071  0.05604071  0.05604071  0.05604071  0.05604071  0.05604071
  0.05604071  0.05604071  0.05604071  0.05604071  0.05604071  0.05604071
  0.05604071  0.05604071  0.05604071  0.05604071  0.05604071  0.05604071
  0.05604071  0.05604071  0.056538    0.056538    0.056538    0.056538
  0.056538    0.056538    0.056538    0.056538    0.056538    0.056538
  0.056538    0.056538    0.056538    0.056538    0.056538    0.05928551
  0.05690062  0.05792882  0.05475527  0.05234724  0.05397228  0.05205548
  0.04809158  0.04838918  0.04838918  0.04838918  0.05625309  0.05553648
  0.05343765  0.04950603  0.04950603  0.04950603  0.04950603  0.04950603
  0.04950603  0.06190048  0.06323667  0.06190048  0.05861758  0.05933595
  0.06002651  0.05951702  0.06029598  0.05793905  0.05533479  0.05299865
  0.05289346  0.05289346  0.05289346  0.05289346  0.05503909  0.05291076
  0.05243324  0.0509264   0.05125569  0.05125569  0.05282741  0.04783623
  0.04401434  0.04352407  0.04511135  0.04402666  0.04376146  0.04138613
  0.04034154  0.04122973  0.03998474  0.03976239  0.04117864  0.03844322
  0.03934783  0.04053376  0.04034172  0.04025888  0.04166738  0.039808
  0.04053117  0.03974148  0.03347007  0.03177105],
[ 0.18814049  0.18814049  0.18814049  0.18814049  0.18814049  0.18814049
  0.18814049  0.18814049  0.18814049  0.18814049  0.18814049  0.18814049
  0.18814049  0.18814049  0.18814049  0.18814049  0.18814049  0.18814049
  0.18814049  0.18814049  0.17173876  0.13203383  0.13203383  0.13203383
  0.13203383  0.13203383  0.13203383  0.13203383  0.13203383  0.13203383
  0.13203383  0.13203383  0.13203383  0.13203383  0.13203383  0.13203383
  0.13203383  0.13203383  0.13203383  0.13203383  0.13203383  0.13203383
  0.13203383  0.13203383  0.13203383  0.13203383  0.13203383  0.13203383
  0.13203383  0.13203383  0.13203383  0.13203383  0.13203383  0.13203383
  0.13203383  0.13203383  0.13203383  0.13203383  0.13203383  0.13203383
  0.13203383  0.13203383  0.13203383  0.13203383  0.13203383  0.13203383
  0.13203383  0.13203383  0.13203383  0.13203383  0.13203383  0.13203383
  0.13203383  0.13203383  0.13203383  0.13203383  0.13203383  0.13203383
  0.13203383  0.13203383  0.13203383  0.13203383  0.13203383  0.13203383
  0.13203383  0.13203383  0.13203383  0.13203383  0.13203383  0.13203383
  0.13203383  0.13203383  0.13203383  0.13203383  0.13203383  0.13203383
  0.13203383  0.13203383  0.13203383  0.13203383  0.13203383  0.13203383
  0.13203383  0.13203383  0.13203383  0.13203383  0.13203383  0.13203383
  0.13203383  0.13203383  0.13203383  0.13203383  0.13203383  0.13203383
  0.13203383  0.13203383  0.13203383  0.13203383  0.13203383  0.13203383
  0.13203383  0.13203383  0.13203383  0.13203383  0.13203383  0.13203383
  0.13203383  0.13203383  0.13203383  0.13203383  0.13203383  0.13203383
  0.13203383  0.13203383  0.13203383  0.13203383  0.13203383  0.13203383
  0.13203383  0.13203383  0.13203383  0.13203383  0.13203383  0.13203383
  0.13203383  0.13203383  0.13203383  0.13203383  0.13203383  0.13203383
  0.13203383  0.13203383  0.13203383  0.13203383  0.13203383  0.13203383
  0.13203383  0.13203383  0.13203383  0.13203383  0.13203383  0.13203383
  0.13203383  0.13203383  0.13203383  0.13203383  0.13203383  0.13203383
  0.13203383  0.13203383  0.13203383  0.13203383  0.13203383  0.13203383
  0.13203383  0.13203383  0.13203383  0.13430045  0.13346441  0.13280421
  0.13280421  0.12261283  0.11539604  0.11047665  0.108175    0.108175
  0.108415    0.108415    0.10860428  0.10430686  0.10430686  0.10430686
  0.10430686  0.09807575  0.09807575  0.09807575  0.09807575  0.09807575
  0.09807575  0.09807575  0.09807575  0.09807575  0.09807575  0.09807575
  0.09807575  0.09807575  0.09807575  0.09807575  0.09807575  0.09807575
  0.09807575  0.09807575  0.09807575  0.09807575  0.09807575  0.09807575
  0.09807575  0.09807575  0.09807575  0.09807575  0.09807575  0.09807575
  0.09807575  0.09807575  0.09807575  0.09807575  0.09807575  0.09807575
  0.09807575  0.09807575  0.09807575  0.09807575  0.09807575  0.09807575
  0.09807575  0.09807575  0.09807575  0.09807575  0.09807575  0.09807575
  0.09807575  0.09807575  0.09807575  0.09807575  0.09807575  0.09807575
  0.09807575  0.09807575  0.09807575  0.09807575  0.09807575  0.09807575
  0.09807575  0.09807575  0.09807575  0.09807575  0.09807575  0.09807575
  0.09807575  0.09807575  0.09807575  0.09807575  0.09807575  0.09807575
  0.09807575  0.09807575  0.09807575  0.09807575  0.09807575  0.09807575
  0.09807575  0.09807575  0.09807575  0.09807575  0.09807575  0.09807575
  0.09807575  0.09807575  0.09807575  0.09807575  0.09807575  0.09807575
  0.09807575  0.09807575  0.09807575  0.09807575  0.09807575  0.09807575
  0.09807575  0.09807575  0.09807575  0.09807575  0.09807575  0.09807575
  0.09807575  0.09807575  0.09807575  0.09807575  0.09807575  0.09807575
  0.09807575  0.09807575  0.09807575  0.09807575  0.09807575  0.09807575
  0.09807575  0.09807575  0.09807575  0.09807575  0.09807575  0.09807575
  0.09807575  0.09807575  0.09807575  0.09807575  0.09807575  0.09807575
  0.09807575  0.09807575  0.09807575  0.09807575  0.09807575  0.09807575
  0.09807575  0.09807575  0.09807575  0.09807575  0.09807575  0.09807575
  0.09807575  0.09807575  0.09807575  0.09807575  0.09807575  0.09807575
  0.09807575  0.09807575  0.09807575  0.09807575  0.09807575  0.09807575
  0.09807575  0.09807575  0.09807575  0.09807575  0.09807575  0.09807575
  0.09807575  0.09807575  0.09807575  0.09807575  0.09807575  0.09807575
  0.09807575  0.09807575  0.09807575  0.09807575  0.09807575  0.09807575
  0.09807575  0.09807575  0.09807575  0.09807575  0.09807575  0.09807575
  0.09807575  0.09807575  0.09807575  0.09807575  0.09807575  0.09807575
  0.09807575  0.09807575  0.09807575  0.09807575  0.09807575  0.09807575
  0.09807575  0.09807575  0.09807575  0.09807575  0.09807575  0.09807575
  0.09807575  0.09807575  0.09807575  0.09807575  0.09807575  0.09807575
  0.09807575  0.09807575  0.09807575  0.09807575  0.09807575  0.09807575
  0.09807575  0.09807575  0.09807575  0.09807575  0.09807575  0.09807575
  0.09807575  0.09807575  0.09807575  0.09807575  0.09807575  0.09807575
  0.09807575  0.09807575  0.09807575  0.09807575  0.09807575  0.09807575
  0.09807575  0.09807575  0.09807575  0.09807575  0.09807575  0.09807575
  0.09807575  0.09807575  0.09807575  0.09807575  0.09807575  0.09807575
  0.09807575  0.09807575  0.09807575  0.09807575  0.09807575  0.09807575
  0.09807575  0.09807575  0.09807575  0.09807575  0.09807575  0.09807575
  0.09807575  0.09807575  0.09807575  0.09807575  0.09807575  0.09807575
  0.09807575  0.09807575  0.09807575  0.09682596  0.08898077  0.05253139
  0.05253139  0.05253139  0.05253139  0.05253139  0.05253139  0.05253139
  0.05253139  0.05253139  0.05253139  0.05253139  0.07154657  0.0778369
  0.07937941  0.09715087  0.09715087  0.09715087  0.09715087  0.10492444
  0.10593691  0.10593691  0.11021475  0.12453436  0.11696644  0.11696644
  0.11696644  0.11696644  0.11149241  0.11149241  0.11149241  0.11149241
  0.11868071  0.11868071  0.11868071  0.11868071  0.11868071  0.11868071
  0.11868071  0.11868071  0.11868071  0.11868071  0.11868071  0.11868071
  0.11868071  0.11868071  0.11868071  0.11868071  0.11868071  0.11868071
  0.11868071  0.11868071  0.11868071  0.11868071  0.11868071  0.11868071
  0.11868071  0.11868071  0.11868071  0.11868071  0.11868071  0.11868071
  0.11868071  0.11868071  0.11868071  0.11868071  0.11868071  0.11868071
  0.11868071  0.11868071  0.11868071  0.11868071  0.11868071  0.11868071
  0.11868071  0.11868071  0.11868071  0.11868071  0.11868071  0.11868071
  0.11868071  0.11868071  0.11868071  0.11868071  0.11868071  0.11868071
  0.11868071  0.11868071  0.11868071  0.11868071  0.11868071  0.11868071
  0.11868071  0.11868071  0.11868071  0.11868071  0.11868071  0.11868071
  0.11868071  0.11868071  0.11868071  0.11868071  0.11868071  0.11868071
  0.11868071  0.11868071  0.11868071  0.11868071  0.11868071  0.11868071
  0.11868071  0.11868071  0.11868071  0.11868071  0.11868071  0.12016905
  0.11742149  0.11742149  0.11742149  0.11742149  0.11742149  0.11742149
  0.11742149  0.11742149  0.11727861  0.11727861  0.11048692  0.11268411
  0.10980784  0.10980784  0.10980784  0.10980784  0.10980784  0.10980784
  0.10980784  0.10980784  0.10980784  0.10980784  0.10130335  0.0975401
  0.09425381  0.09425381  0.09425381  0.09425381  0.09284421  0.09284421
  0.09284421  0.09284421  0.08308286  0.08308286  0.08308286  0.08308286
  0.08308286  0.08308286  0.08308286  0.08308286  0.08308286  0.08308286
  0.08308286  0.08308286  0.08308286  0.08308286  0.08308286  0.08308286
  0.08308286  0.08308286  0.08308286  0.08308286  0.08308286  0.08308286
  0.08308286  0.08308286  0.08308286  0.08308286  0.08308286  0.08308286
  0.08308286  0.08308286  0.08308286  0.08308286  0.08308286  0.08308286
  0.08308286  0.08308286  0.08308286  0.08308286  0.08308286  0.08308286
  0.08308286  0.08308286  0.08308286  0.08308286  0.08308286  0.08308286
  0.08308286  0.08308286  0.08308286  0.08308286  0.08308286  0.08308286
  0.08308286  0.08308286  0.08308286  0.08308286  0.08308286  0.08308286
  0.08308286  0.08308286  0.08308286  0.08308286  0.08308286  0.08308286
  0.08308286  0.08308286  0.08308286  0.08308286  0.08308286  0.08308286
  0.08308286  0.08308286  0.08308286  0.08308286  0.08308286  0.08308286
  0.08308286  0.08308286  0.08308286  0.08308286  0.08308286  0.08308286
  0.08308286  0.08308286  0.08308286  0.08308286  0.08308286  0.08308286
  0.08308286  0.08308286  0.08308286  0.08308286  0.08308286  0.08308286
  0.08308286  0.08308286  0.08308286  0.08308286  0.08308286  0.08308286
  0.08308286  0.08308286  0.08308286  0.08308286  0.08308286  0.08308286
  0.08308286  0.08308286  0.08308286  0.08308286  0.08308286  0.08308286
  0.08308286  0.08308286  0.08308286  0.08308286  0.09197358  0.09197358
  0.0968975   0.09381058  0.08866295  0.08490889  0.08490889  0.09030891
  0.08527524  0.08527524  0.08527524  0.08527524  0.08527524  0.08527524
  0.08527524  0.08527524  0.08527524  0.08527524  0.08527524  0.08527524
  0.08527524  0.08527524  0.08527524  0.08527524  0.08527524  0.08527524
  0.08527524  0.08527524  0.08527524  0.08527524  0.08527524  0.08527524
  0.08527524  0.08527524  0.08527524  0.08527524  0.08527524  0.08527524
  0.08527524  0.08527524  0.08527524  0.08527524  0.08527524  0.08527524
  0.08527524  0.08527524  0.08527524  0.08527524  0.08527524  0.08527524
  0.08527524  0.08527524  0.08527524  0.08527524  0.08527524  0.08527524
  0.08527524  0.08981618  0.08528374  0.08521759  0.08663742  0.08663742
  0.08663742  0.08663742  0.08595296  0.08047301  0.07928008  0.08047301
  0.08132566  0.08132566  0.07993117  0.07993117  0.07993117  0.07993117
  0.07993117  0.07993117  0.07993117  0.09503606  0.09786839  0.09736792
  0.09736792  0.09736792  0.09736792  0.09736792  0.09736792  0.09736792
  0.09736792  0.09585706  0.09585706  0.09418989  0.09418989  0.09418989
  0.09418989  0.09418989  0.09418989  0.09418989  0.09418989  0.09418989
  0.09418989  0.09418989  0.09418989  0.09418989  0.09418989  0.09418989
  0.09418989  0.09418989  0.09418989  0.09418989  0.09418989  0.09418989
  0.09418989  0.09418989  0.09418989  0.09418989  0.09418989  0.09418989
  0.09418989  0.09418989  0.09418989  0.09418989  0.09418989  0.09418989
  0.09418989  0.09418989  0.09418989  0.09418989  0.09418989  0.09418989
  0.09418989  0.09418989  0.09418989  0.09418989  0.09418989  0.09418989
  0.09418989  0.09418989  0.09418989  0.09418989  0.09418989  0.09418989
  0.09418989  0.09418989  0.09418989  0.09418989  0.09418989  0.09418989
  0.09418989  0.09418989  0.09418989  0.09418989  0.09418989  0.09418989
  0.09418989  0.09418989  0.09418989  0.09418989  0.09418989  0.09418989
  0.09418989  0.09418989  0.09418989  0.09418989  0.09418989  0.09418989
  0.09418989  0.09418989  0.09418989  0.09418989  0.09418989  0.09418989
  0.09418989  0.09418989  0.09418989  0.09418989  0.09418989  0.09418989
  0.09418989  0.09418989  0.09418989  0.09418989  0.09418989  0.09418989
  0.09418989  0.09418989  0.09418989  0.09418989  0.09418989  0.09418989
  0.09418989  0.09418989  0.09418989  0.09418989  0.09418989  0.09418989
  0.09418989  0.09418989  0.09418989  0.09418989  0.09418989  0.09418989
  0.09418989  0.09418989  0.09418989  0.09418989  0.09418989  0.09418989
  0.09418989  0.09418989  0.09418989  0.09418989  0.09418989  0.09418989
  0.09418989  0.09418989  0.09418989  0.09418989  0.09418989  0.09418989
  0.09418989  0.09418989  0.09418989  0.09418989  0.09418989  0.09418989
  0.09418989  0.09418989  0.09418989  0.09418989  0.09418989  0.09418989
  0.09418989  0.09418989  0.09418989  0.09418989  0.09418989  0.09418989
  0.09418989  0.09418989  0.09418989  0.09418989  0.09418989  0.09418989
  0.09418989  0.09418989  0.09418989  0.09418989  0.09418989  0.09418989
  0.09418989  0.09418989  0.09418989  0.09418989  0.09418989  0.09418989
  0.09418989  0.09418989  0.09418989  0.09418989  0.09418989  0.09418989
  0.09418989  0.09418989  0.09418989  0.09418989  0.09418989  0.09418989
  0.09418989  0.09418989  0.09418989  0.09418989  0.09418989  0.09418989
  0.09418989  0.09418989  0.09418989  0.09418989  0.09418989  0.09418989
  0.09418989  0.09418989  0.09418989  0.09418989  0.09418989  0.09418989
  0.09418989  0.09418989  0.09418989  0.09418989],
[ 0.25634671  0.25634671  0.25345104  0.25345104  0.25345104  0.25345104
  0.25345104  0.26466015  0.26466015  0.26466015  0.26466015  0.26466015
  0.26466015  0.26466015  0.26466015  0.26466015  0.26466015  0.27093916
  0.27093916  0.27093916  0.27096468  0.24802511  0.20886031  0.20886031
  0.20886031  0.20886031  0.20886031  0.20886031  0.20886031  0.20886031
  0.20886031  0.20886031  0.20886031  0.20886031  0.20886031  0.20886031
  0.20886031  0.20886031  0.20886031  0.20886031  0.20886031  0.20886031
  0.20886031  0.20886031  0.20886031  0.20886031  0.20886031  0.20886031
  0.20886031  0.20886031  0.20886031  0.18162991  0.18162991  0.17729322
  0.17729322  0.17729322  0.17729322  0.17729322  0.17729322  0.17729322
  0.17729322  0.17729322  0.17729322  0.17729322  0.17729322  0.17729322
  0.17729322  0.17729322  0.17729322  0.17729322  0.17729322  0.17729322
  0.17729322  0.17729322  0.17729322  0.17729322  0.17729322  0.17729322
  0.17729322  0.17729322  0.17729322  0.17729322  0.17729322  0.17729322
  0.17729322  0.17729322  0.17729322  0.17729322  0.17729322  0.17729322
  0.17729322  0.17729322  0.17729322  0.17729322  0.17729322  0.17729322
  0.17729322  0.17729322  0.17729322  0.17729322  0.17729322  0.17729322
  0.17729322  0.17729322  0.17729322  0.17729322  0.17729322  0.17729322
  0.17729322  0.17729322  0.17729322  0.17729322  0.17729322  0.17729322
  0.17729322  0.17729322  0.17729322  0.17729322  0.17729322  0.17729322
  0.17729322  0.17729322  0.17729322  0.17729322  0.17729322  0.17729322
  0.17729322  0.17729322  0.17729322  0.17729322  0.17729322  0.17729322
  0.17729322  0.17729322  0.17729322  0.17729322  0.17729322  0.17729322
  0.17729322  0.17729322  0.17729322  0.17729322  0.17729322  0.17729322
  0.17729322  0.17729322  0.17729322  0.17729322  0.17729322  0.17729322
  0.17729322  0.17729322  0.17729322  0.17729322  0.17729322  0.17729322
  0.17729322  0.17729322  0.17729322  0.17729322  0.17729322  0.17729322
  0.17729322  0.17729322  0.17729322  0.17729322  0.17729322  0.17729322
  0.17729322  0.17729322  0.17729322  0.17941341  0.17941341  0.17810115
  0.15530483  0.15530483  0.15530483  0.15530483  0.15530483  0.15530483
  0.15530483  0.15530483  0.15530483  0.15530483  0.15530483  0.15530483
  0.15530483  0.15530483  0.15530483  0.15530483  0.15542199  0.15542199
  0.15542199  0.15542199  0.15542199  0.15542199  0.15542199  0.15542199
  0.15542199  0.15542199  0.15542199  0.15542199  0.15542199  0.15542199
  0.15542199  0.15542199  0.15542199  0.15542199  0.15542199  0.15542199
  0.15542199  0.15542199  0.15542199  0.15542199  0.15542199  0.15542199
  0.15542199  0.15542199  0.15542199  0.15542199  0.15542199  0.15542199
  0.15542199  0.15542199  0.15542199  0.15542199  0.15542199  0.15542199
  0.15542199  0.15542199  0.15542199  0.15542199  0.15542199  0.15542199
  0.15542199  0.15542199  0.15542199  0.15542199  0.15542199  0.15542199
  0.15542199  0.15542199  0.15542199  0.15542199  0.15542199  0.15542199
  0.15542199  0.15542199  0.15542199  0.15542199  0.15542199  0.15542199
  0.15542199  0.15542199  0.15542199  0.15542199  0.15542199  0.15542199
  0.15542199  0.15542199  0.15542199  0.15542199  0.15542199  0.15542199
  0.15542199  0.15542199  0.15542199  0.15542199  0.15542199  0.15542199
  0.15542199  0.15542199  0.15542199  0.15542199  0.15542199  0.15542199
  0.15542199  0.15542199  0.15542199  0.15542199  0.15542199  0.15542199
  0.15542199  0.15542199  0.15542199  0.15542199  0.15542199  0.15542199
  0.15542199  0.15542199  0.15542199  0.15542199  0.15542199  0.13776571
  0.13776571  0.13776571  0.13562149  0.13075449  0.13075449  0.13075449
  0.13075449  0.13075449  0.13075449  0.12699401  0.13247777  0.13677685
  0.13677685  0.13677685  0.13677685  0.13677685  0.13677685  0.13677685
  0.13677685  0.13677685  0.13677685  0.13677685  0.13677685  0.13677685
  0.13677685  0.13677685  0.13677685  0.13677685  0.13677685  0.13677685
  0.13677685  0.13677685  0.13677685  0.13507552  0.13087044  0.13087044
  0.13087044  0.13641331  0.12880804  0.13187607  0.11997929  0.08970613
  0.09053685  0.09077567  0.08609373  0.08609373  0.09037078  0.08311843
  0.08774887  0.08774887  0.08774887  0.08774887  0.08774887  0.08774887
  0.08774887  0.08774887  0.08774887  0.08774887  0.08774887  0.08774887
  0.08774887  0.08774887  0.08774887  0.08774887  0.08849623  0.08849623
  0.08849623  0.08814083  0.08728529  0.08728529  0.08728529  0.08728529
  0.08728529  0.08728529  0.08728529  0.08728529  0.08728529  0.08728529
  0.08728529  0.08728529  0.08501778  0.08501778  0.08129757  0.07870829
  0.08084643  0.07806806  0.07806806  0.07806806  0.07806806  0.07806806
  0.07806806  0.07806806  0.07806806  0.07806806  0.07806806  0.07806806
  0.07806806  0.07806806  0.07806806  0.07806806  0.07806806  0.07806806
  0.07806806  0.07806806  0.07806806  0.07806806  0.07806806  0.07806806
  0.07806806  0.07806806  0.07806806  0.07806806  0.07806806  0.07806806
  0.07806806  0.07806806  0.07806806  0.07806806  0.07806806  0.07806806
  0.07806806  0.07806806  0.07806806  0.07806806  0.07806806  0.07806806
  0.07806806  0.07806806  0.07806806  0.07806806  0.07806806  0.07806806
  0.07806806  0.07806806  0.07806806  0.07806806  0.07806806  0.07806806
  0.07806806  0.07806806  0.07806806  0.07806806  0.07806806  0.07806806
  0.07806806  0.07806806  0.07806806  0.07806806  0.07806806  0.07806806
  0.07806806  0.07806806  0.07806806  0.07806806  0.07806806  0.07806806
  0.07806806  0.07806806  0.07806806  0.07806806  0.07806806  0.07806806
  0.07806806  0.07806806  0.07806806  0.07806806  0.07806806  0.07806806
  0.07806806  0.07806806  0.07806806  0.07806806  0.07806806  0.07806806
  0.07806806  0.07806806  0.07806806  0.07806806  0.07806806  0.07806806
  0.07806806  0.07806806  0.07806806  0.07806806  0.07806806  0.07806806
  0.07806806  0.07806806  0.07806806  0.07806806  0.07806806  0.07806806
  0.07806806  0.07806806  0.07806806  0.07806806  0.07806806  0.07806806
  0.07806806  0.07806806  0.07806806  0.07806806  0.07806806  0.07806806
  0.07806806  0.07806806  0.07806806  0.07806806  0.07806806  0.07806806
  0.07806806  0.07806806  0.07806806  0.07806806  0.07806806  0.07806806
  0.08973189  0.08973189  0.09920219  0.09920219  0.09920219  0.09920219
  0.09920219  0.09920219  0.09920219  0.09920219  0.09920219  0.09920219
  0.09920219  0.09920219  0.09920219  0.09920219  0.09920219  0.09920219
  0.09920219  0.09920219  0.09920219  0.09920219  0.09920219  0.09920219
  0.09920219  0.09920219  0.09920219  0.09920219  0.09920219  0.09920219
  0.09920219  0.09920219  0.09920219  0.09920219  0.09920219  0.09920219
  0.09920219  0.09920219  0.09920219  0.09920219  0.09920219  0.09920219
  0.09920219  0.09920219  0.09920219  0.09920219  0.09920219  0.09920219
  0.09920219  0.09920219  0.09920219  0.09920219  0.09920219  0.09920219
  0.09920219  0.09920219  0.09920219  0.09920219  0.09920219  0.09920219
  0.09920219  0.09920219  0.09920219  0.09920219  0.09920219  0.09920219
  0.09920219  0.09920219  0.09920219  0.09920219  0.09920219  0.09920219
  0.09920219  0.09920219  0.10635852  0.10758426  0.09158312  0.09260294
  0.08832098  0.0819985   0.0819985   0.08622996  0.07796668  0.07796668
  0.07887332  0.07887332  0.07887332  0.07887332  0.07887332  0.07887332
  0.07887332  0.07887332  0.07887332  0.07887332  0.07887332  0.07887332
  0.08071972  0.08208319  0.07670714  0.07946232  0.07786231  0.07786231
  0.07786231  0.07786231  0.07786231  0.07786231  0.07786231  0.07786231
  0.07786231  0.07786231  0.07786231  0.07786231  0.07786231  0.07786231
  0.07786231  0.07786231  0.07786231  0.07786231  0.07786231  0.07786231
  0.07786231  0.07786231  0.07786231  0.07786231  0.07786231  0.07786231
  0.07786231  0.07786231  0.07786231  0.07786231  0.07786231  0.07786231
  0.07786231  0.07786231  0.07786231  0.07786231  0.07786231  0.07786231
  0.07786231  0.07786231  0.07786231  0.07786231  0.07786231  0.07786231
  0.07786231  0.07786231  0.07786231  0.07786231  0.07786231  0.07786231
  0.07786231  0.07786231  0.07786231  0.07786231  0.07786231  0.07786231
  0.07786231  0.07786231  0.07786231  0.07786231  0.07786231  0.07786231
  0.07786231  0.07786231  0.07786231  0.07786231  0.07786231  0.07786231
  0.07786231  0.07786231  0.07786231  0.07786231  0.07786231  0.07786231
  0.07786231  0.07786231  0.07786231  0.07786231  0.07786231  0.07786231
  0.07786231  0.07786231  0.07786231  0.07786231  0.07786231  0.07786231
  0.07786231  0.07786231  0.07786231  0.07786231  0.07786231  0.07786231
  0.07786231  0.07786231  0.07786231  0.07786231  0.07786231  0.07786231
  0.07786231  0.07786231  0.07786231  0.07786231  0.07786231  0.07786231
  0.07786231  0.07786231  0.07786231  0.07786231  0.07786231  0.07786231
  0.07786231  0.07786231  0.07786231  0.07786231  0.07786231  0.07786231
  0.07786231  0.07786231  0.07786231  0.07786231  0.07786231  0.07786231
  0.07786231  0.07786231  0.07786231  0.07786231  0.07786231  0.07786231
  0.07786231  0.07786231  0.07786231  0.07786231  0.09887564  0.09424089
  0.08945721  0.07917378  0.07541255  0.09372198  0.0903328   0.08542785
  0.07748858  0.08698549  0.08698549  0.08698549  0.08698549  0.08698549
  0.08698549  0.08698549  0.08698549  0.08698549  0.08698549  0.08672881
  0.0889628   0.0889628   0.0889628   0.08706334  0.08766106  0.08760621
  0.08953933  0.08953933  0.08953933  0.08953933  0.08953933  0.08953933
  0.08953933  0.08953933  0.08953933  0.08953933  0.08953933  0.08953933
  0.09262168  0.09262168  0.09262168  0.09262168  0.09262168  0.09262168
  0.09262168  0.09262168  0.09262168  0.09262168  0.09262168  0.09262168
  0.09262168  0.09262168  0.09262168  0.09262168  0.09262168  0.09262168
  0.09262168  0.09262168  0.09262168  0.09262168  0.09262168  0.09262168
  0.09262168  0.09262168  0.09262168  0.09262168  0.09262168  0.09262168
  0.09262168  0.09262168  0.09262168  0.09262168  0.09262168  0.09262168
  0.09262168  0.09262168  0.09262168  0.09262168  0.09262168  0.09262168
  0.09262168  0.09262168  0.09262168  0.09262168  0.09262168  0.09262168
  0.09262168  0.09262168  0.09262168  0.09262168  0.09262168  0.09262168
  0.09262168  0.09262168  0.09262168  0.09262168  0.09262168  0.09262168
  0.09262168  0.09262168  0.09262168  0.09262168  0.09262168  0.09262168
  0.09262168  0.09262168  0.09262168  0.09290165  0.09400507  0.0911102
  0.0911102   0.08816939  0.08623576  0.08623576  0.08623576  0.08623576
  0.08623576  0.08623576  0.08623576  0.08623576  0.08623576  0.08623576
  0.08623576  0.08623576  0.08623576  0.08623576  0.08623576  0.08623576
  0.08623576  0.08623576  0.08623576  0.08623576  0.08623576  0.08623576
  0.08623576  0.08623576  0.08623576  0.08623576  0.08623576  0.08623576
  0.08623576  0.08623576  0.08623576  0.08623576  0.08623576  0.08623576
  0.08623576  0.08623576  0.08623576  0.08623576  0.08623576  0.08623576
  0.08623576  0.08623576  0.08623576  0.08623576  0.08623576  0.08623576
  0.08623576  0.08623576  0.08623576  0.08623576  0.08623576  0.08623576
  0.08623576  0.08623576  0.08623576  0.08623576  0.08623576  0.08623576
  0.08623576  0.08623576  0.08623576  0.08623576  0.08623576  0.08623576
  0.08623576  0.08521065  0.0867327   0.08742083  0.07915172  0.07915172
  0.07915172  0.07915172  0.1094703   0.10371834  0.08252542  0.07961853
  0.07144648  0.07922973  0.07908888  0.07401294  0.06594623  0.06245885
  0.06005849  0.04393108  0.04393108  0.04393108  0.04393108  0.04721718
  0.04575115  0.05060501  0.04572517  0.04572517  0.04572517  0.04572517
  0.04572517  0.04572517  0.04572517  0.04572517  0.04572517  0.04572517
  0.04572517  0.04572517  0.04572517  0.04572517  0.04572517  0.04572517
  0.04572517  0.04572517  0.04572517  0.04572517  0.04572517  0.04572517
  0.04572517  0.04572517  0.04572517  0.04572517  0.04572517  0.04572517
  0.04572517  0.04572517  0.04572517  0.04572517  0.04572517  0.04572517
  0.04572517  0.04572517  0.04572517  0.04572517  0.04572517  0.04572517
  0.04572517  0.04572517  0.04572517  0.04572517  0.04572517  0.04572517
  0.04572517  0.04572517  0.04572517  0.04572517  0.04572517  0.04572517
  0.04572517  0.04572517  0.04572517  0.04572517],
[ 0.19208735  0.17138617  0.16314113  0.16314113  0.16314113  0.16314113
  0.16314113  0.16314113  0.16314113  0.16314113  0.16314113  0.16314113
  0.16314113  0.16314113  0.1618909   0.15548367  0.14412061  0.14412061
  0.14672048  0.14672048  0.14672048  0.14672048  0.14672048  0.14672048
  0.14672048  0.14672048  0.14672048  0.14672048  0.14672048  0.14672048
  0.15594775  0.16006986  0.16006986  0.16006986  0.16006986  0.16006986
  0.16006986  0.16006986  0.16006986  0.16006986  0.16006986  0.16006986
  0.16006986  0.16006986  0.16006986  0.16006986  0.16006986  0.16006986
  0.16006986  0.16006986  0.16006986  0.16006986  0.16006986  0.16006986
  0.16006986  0.16006986  0.16006986  0.16006986  0.16006986  0.16006986
  0.16006986  0.16006986  0.16006986  0.16006986  0.16006986  0.16006986
  0.16006986  0.16006986  0.16006986  0.16006986  0.16006986  0.16006986
  0.16006986  0.16006986  0.16006986  0.16006986  0.16006986  0.16006986
  0.16006986  0.16006986  0.16006986  0.16006986  0.16006986  0.16006986
  0.16006986  0.16006986  0.16006986  0.16006986  0.16006986  0.16006986
  0.16006986  0.16006986  0.16006986  0.16006986  0.16006986  0.16006986
  0.16006986  0.16006986  0.16006986  0.16006986  0.16006986  0.16006986
  0.16006986  0.16006986  0.16006986  0.16006986  0.16006986  0.16006986
  0.14783647  0.13269075  0.13008586  0.13008586  0.12252506  0.12252506
  0.12252506  0.12252506  0.12252506  0.12252506  0.12252506  0.12252506
  0.12252506  0.12252506  0.12252506  0.12252506  0.12252506  0.12252506
  0.12252506  0.12252506  0.12252506  0.12252506  0.12252506  0.12252506
  0.12252506  0.12252506  0.12252506  0.12252506  0.12252506  0.12252506
  0.12252506  0.12252506  0.12252506  0.12252506  0.12252506  0.12252506
  0.12252506  0.12252506  0.12252506  0.12252506  0.12252506  0.12252506
  0.12252506  0.12252506  0.12252506  0.12252506  0.12252506  0.12252506
  0.12252506  0.12252506  0.12252506  0.12252506  0.12252506  0.12252506
  0.12252506  0.12252506  0.12252506  0.12252506  0.12252506  0.12252506
  0.12252506  0.12252506  0.12252506  0.12252506  0.12252506  0.12252506
  0.12252506  0.12252506  0.12252506  0.12252506  0.12252506  0.12252506
  0.12252506  0.12252506  0.12252506  0.12252506  0.12252506  0.12252506
  0.12252506  0.12252506  0.12252506  0.12252506  0.12252506  0.12252506
  0.12252506  0.12252506  0.12252506  0.12252506  0.12252506  0.12252506
  0.12252506  0.12252506  0.12252506  0.12252506  0.12252506  0.12252506
  0.12252506  0.12252506  0.12252506  0.12252506  0.12252506  0.12252506
  0.12252506  0.12252506  0.12252506  0.12252506  0.12252506  0.12252506
  0.12252506  0.12252506  0.12252506  0.12252506  0.12252506  0.12252506
  0.12252506  0.12252506  0.12252506  0.12252506  0.12252506  0.12252506
  0.12252506  0.12252506  0.12252506  0.12252506  0.12252506  0.12252506
  0.12252506  0.12252506  0.12252506  0.12252506  0.12252506  0.12252506
  0.12252506  0.12252506  0.12252506  0.12252506  0.12252506  0.12252506
  0.12252506  0.12252506  0.12252506  0.12252506  0.12252506  0.12252506
  0.12252506  0.12252506  0.12252506  0.12252506  0.12252506  0.12252506
  0.12252506  0.12252506  0.12252506  0.12252506  0.12252506  0.12252506
  0.12252506  0.12252506  0.12252506  0.12252506  0.12252506  0.12252506
  0.12252506  0.12252506  0.12252506  0.12252506  0.12252506  0.12252506
  0.12252506  0.12252506  0.12252506  0.12252506  0.12252506  0.12252506
  0.12252506  0.12252506  0.12252506  0.12252506  0.12252506  0.12252506
  0.12252506  0.12252506  0.12252506  0.12252506  0.12252506  0.12252506
  0.12252506  0.12252506  0.12252506  0.12252506  0.12252506  0.12252506
  0.12252506  0.12252506  0.11943021  0.12114781  0.12879505  0.12026392
  0.12026392  0.12026392  0.11628432  0.11628432  0.11699842  0.11699842
  0.11699842  0.11699842  0.11699842  0.11699842  0.11699842  0.11699842
  0.11699842  0.11699842  0.11699842  0.11699842  0.11699842  0.1197323
  0.1197323   0.1197323   0.1197323   0.1197323   0.1197323   0.1197323
  0.1197323   0.1197323   0.1197323   0.1197323   0.1197323   0.1197323
  0.1197323   0.1197323   0.1197323   0.1197323   0.1197323   0.1197323
  0.1197323   0.1197323   0.1197323   0.1197323   0.1197323   0.1197323
  0.11882721  0.11416153  0.11058126  0.11058126  0.11058126  0.11058126
  0.11058126  0.11058126  0.11058126  0.11058126  0.11058126  0.11058126
  0.11058126  0.11058126  0.11058126  0.11058126  0.11058126  0.10831735
  0.102039    0.102039    0.1027906   0.1027906   0.1027906   0.1027906
  0.1027906   0.1027906   0.1027906   0.1027906   0.1027906   0.1027906
  0.1027906   0.1027906   0.1027906   0.1027906   0.1027906   0.1027906
  0.1027906   0.1027906   0.1027906   0.1027906   0.1027906   0.1027906
  0.1027906   0.1027906   0.1027906   0.1027906   0.1027906   0.1027906
  0.1027906   0.1027906   0.1027906   0.1027906   0.1027906   0.1027906
  0.1027906   0.1027906   0.1027906   0.1027906   0.1027906   0.1027906
  0.1027906   0.1027906   0.1027906   0.1027906   0.1027906   0.1027906
  0.1027906   0.1027906   0.1027906   0.1027906   0.1027906   0.1027906
  0.1027906   0.1027906   0.1027906   0.1027906   0.1027906   0.1027906
  0.1027906   0.1027906   0.10209985  0.10098294  0.10098294  0.10098294
  0.10098294  0.10098294  0.10098294  0.10098294  0.10098294  0.10098294
  0.10098294  0.10098294  0.10098294  0.10098294  0.10098294  0.10098294
  0.10098294  0.10098294  0.10098294  0.10098294  0.10098294  0.10098294
  0.10098294  0.10098294  0.10098294  0.10098294  0.10098294  0.10098294
  0.10098294  0.10098294  0.10098294  0.10098294  0.10098294  0.10098294
  0.10098294  0.1262882   0.12379446  0.11802744  0.10224946  0.10224946
  0.10224946  0.10224946  0.10224946  0.10224946  0.10224946  0.10043896
  0.10043896  0.09869145  0.09484099  0.10056468  0.1040015   0.10687084
  0.10687084  0.10687084  0.10687084  0.11177605  0.10824177  0.11507701
  0.11507701  0.11507701  0.09992567  0.09839519  0.10568925  0.1045395
  0.1045395   0.10732784  0.10161493  0.10161493  0.10161493  0.10539776
  0.10022633  0.10096687  0.10096687  0.10157017  0.10173926  0.10167334
  0.09389597  0.08943692  0.08583146  0.08583146  0.08583146  0.08583146
  0.08583146  0.08583146  0.08583146  0.08583146  0.08583146  0.08583146
  0.08831382  0.08864819  0.08864819  0.0921196   0.09277785  0.09277785
  0.09277785  0.09277785  0.09277785  0.09293314  0.08951722  0.09656756
  0.09117617  0.09117617  0.09117617  0.09117617  0.09117617  0.09117617
  0.09117617  0.09117617  0.09117617  0.09117617  0.09117617  0.09117617
  0.09814008  0.08989837  0.08989837  0.08989837  0.09109927  0.09118562
  0.08878281  0.084256    0.08029521  0.08020718  0.08020718  0.08020718
  0.08020718  0.08020718  0.08020718  0.08020718  0.08020718  0.08020718
  0.08020718  0.08020718  0.08020718  0.08020718  0.08020718  0.08020718
  0.08020718  0.08020718  0.07983686  0.07713515  0.07994657  0.07994657
  0.07994657  0.07994657  0.08877933  0.08930365  0.08793672  0.08614466
  0.08614466  0.08614466  0.08614466  0.08321157  0.08245925  0.08245925
  0.08245925  0.08245925  0.08245925  0.08245925  0.08091123  0.08059866
  0.08059866  0.08059866  0.08059866  0.08059866  0.08869167  0.08381278
  0.08399455  0.08020966  0.07692315  0.07692315  0.07380072  0.06646455
  0.06646455  0.06646455  0.06646455  0.06646455  0.0700887   0.07002907
  0.06894579  0.06894579  0.07138143  0.06758741  0.06894413  0.06894413
  0.06894413  0.06894413  0.06894413  0.06894413  0.06894413  0.06894413
  0.06894413  0.06894413  0.06894413  0.06894413  0.06894413  0.06894413
  0.06894413  0.06894413  0.06894413  0.06894413  0.06894413  0.06894413
  0.06894413  0.06894413  0.06894413  0.06894413  0.06894413  0.06894413
  0.06894413  0.06894413  0.06894413  0.06894413  0.06894413  0.06894413
  0.06894413  0.06894413  0.06894413  0.06894413  0.06894413  0.06894413
  0.06894413  0.06894413  0.06894413  0.06894413  0.06894413  0.06894413
  0.06894413  0.06894413  0.06894413  0.06894413  0.06894413  0.06894413
  0.06894413  0.06894413  0.06894413  0.06894413  0.06894413  0.06894413
  0.06894413  0.06894413  0.06894413  0.06894413  0.06894413  0.06894413
  0.06894413  0.06894413  0.06894413  0.06894413  0.06894413  0.06894413
  0.06894413  0.06894413  0.06894413  0.06894413  0.06894413  0.06894413
  0.06894413  0.06894413  0.06894413  0.06894413  0.06894413  0.06894413
  0.06894413  0.06894413  0.06894413  0.06894413  0.06894413  0.06894413
  0.06894413  0.06894413  0.06894413  0.06894413  0.06894413  0.06894413
  0.06894413  0.06894413  0.09586141  0.09435044  0.09293164  0.0887891
  0.08703846  0.09009179  0.09046731  0.09046731  0.09254205  0.09678397
  0.09467728  0.08277731  0.08411574  0.07988462  0.07625498  0.07907825
  0.08016771  0.08048598  0.07989758  0.08004098  0.07536786  0.07769082
  0.07997718  0.08302263  0.07957295  0.07940977  0.07751428  0.07751428
  0.07751428  0.07751428  0.08095455  0.08563013  0.08563013  0.08563013
  0.08563013  0.08563013  0.08563013  0.08563013  0.08563013  0.08563013
  0.08563013  0.08563013  0.08563013  0.08563013  0.08563013  0.08563013
  0.06954045  0.07184298  0.06776636  0.06776636  0.07021141  0.07006026
  0.07164666  0.07270422  0.07194802  0.06994072  0.06897998  0.06639694
  0.06830389  0.06641642  0.06846652  0.0690164   0.0690164   0.0690164
  0.0690164   0.0690164   0.0690164   0.08597787  0.07014098  0.06631196
  0.05914639  0.0558023   0.05125407  0.05291975  0.05291975  0.05291975
  0.05291975  0.05291975  0.05291975  0.05291975  0.05291975  0.05291975
  0.05291975  0.05291975  0.05291975  0.05291975  0.05291975  0.05291975
  0.05291975  0.05291975  0.05291975  0.05291975  0.05291975  0.05291975
  0.05291975  0.05291975  0.05291975  0.05291975  0.05291975  0.05291975
  0.05291975  0.05291975  0.05291975  0.05291975  0.05291975  0.05291975
  0.05291975  0.05291975  0.05291975  0.05291975  0.05291975  0.05291975
  0.05291975  0.05291975  0.05291975  0.05291975  0.05291975  0.05291975
  0.05291975  0.05291975  0.05291975  0.05291975  0.05291975  0.05291975
  0.05291975  0.05291975  0.05291975  0.05291975  0.05291975  0.05291975
  0.05291975  0.05291975  0.05291975  0.05291975  0.05291975  0.05291975
  0.05291975  0.05291975  0.05291975  0.05291975  0.05291975  0.05291975
  0.05291975  0.05291975  0.05291975  0.05291975  0.05291975  0.05291975
  0.05291975  0.05291975  0.05291975  0.05291975  0.05291975  0.05291975
  0.05291975  0.05291975  0.05291975  0.05291975  0.05291975  0.05291975
  0.05291975  0.05291975  0.05291975  0.05291975  0.05291975  0.05291975
  0.05291975  0.05291975  0.05291975  0.05291975  0.05291975  0.05291975
  0.05291975  0.05291975  0.05291975  0.05291975  0.05291975  0.05291975
  0.05291975  0.05291975  0.05291975  0.05291975  0.05291975  0.05291975
  0.05291975  0.05291975  0.05291975  0.05291975  0.05291975  0.05291975
  0.05291975  0.05291975  0.05291975  0.05291975  0.05291975  0.05291975
  0.05291975  0.05291975  0.05291975  0.05291975  0.05291975  0.05291975
  0.05291975  0.05291975  0.05291975  0.05291975  0.05291975  0.05291975
  0.05291975  0.05291975  0.05291975  0.05291975  0.05291975  0.05291975
  0.05291975  0.05291975  0.05291975  0.05291975  0.05291975  0.05291975
  0.05291975  0.05291975  0.05291975  0.05291975  0.05291975  0.05291975
  0.05291975  0.05291975  0.05291975  0.05291975  0.05291975  0.05291975
  0.05291975  0.05291975  0.05291975  0.05291975  0.05291975  0.05291975
  0.05291975  0.05291975  0.05291975  0.06444022  0.06440897  0.06590962
  0.06944105  0.0693855   0.06722052  0.06722052  0.06722052  0.07186382
  0.07186382  0.06743557  0.06743557  0.06793139  0.06571371  0.06571371
  0.06571371  0.06571371  0.06571371  0.06571371  0.06571371  0.07972792
  0.07759173  0.07460995  0.07337633  0.06986384  0.07293353  0.07459313
  0.06977405  0.06977405  0.07044672  0.07044672  0.07044672  0.07044672
  0.07044672  0.07044672  0.07044672  0.07044672  0.07044672  0.07044672
  0.07044672  0.07044672  0.07044672  0.07044672  0.07044672  0.07044672
  0.07044672  0.07044672  0.07044672  0.07044672  0.07044672  0.07044672
  0.07044672  0.07044672  0.07044672  0.07044672],
