[  1.52150653e-01   1.25628237e-01   1.12608298e-01   9.61695027e-02
   9.64788142e-02   7.97340779e-02   7.02454317e-02   5.53405080e-02
   5.31761652e-02   3.39223325e-02   3.39223325e-02   3.39223325e-02
   3.39223325e-02   3.39223325e-02   3.39223325e-02   3.39223325e-02
   3.39223325e-02   3.39223325e-02   3.39223325e-02   3.39223325e-02
   3.25674652e-02   2.37559570e-02   2.37734060e-02   3.08963536e-02
   3.63165802e-02   3.19596237e-02   2.40610805e-02   2.07516571e-02
   1.99087985e-02   1.73878926e-02   1.73878926e-02   2.38314530e-02
   1.86375964e-02   1.22491256e-02   1.30074192e-02   7.27481269e-03
   1.11396735e-03   1.11396735e-03   1.11396735e-03   1.81333383e-03
   2.99112587e-03   1.14290832e-03   6.06625511e-03   6.24122349e-03
   6.32516832e-03   5.23288143e-03   2.55759400e-03   9.55617720e-05
   3.06533978e-04   3.06533978e-04   3.06533978e-04   3.06533978e-04
   1.10326566e-03   7.53528065e-04   1.24215477e-03   1.72767932e-03
   3.06596721e-03   3.61039817e-03   5.64600211e-03   3.98399681e-03
   3.45873950e-03   3.45873950e-03   3.45873950e-03   1.43241583e-02
   2.02192902e-02   7.04849498e-03   6.35306416e-03   8.43251178e-03
   1.19270657e-02   1.29583060e-02   1.16618629e-02   9.74087589e-03
   3.44393879e-03   3.44393879e-03   5.69682065e-03   6.10798898e-03
   6.10798898e-03   6.10798898e-03   6.04076295e-03   6.04076295e-03
   6.04076295e-03   6.04076295e-03   6.04076295e-03   6.04076295e-03
   6.04076295e-03   6.04076295e-03   6.04076295e-03   6.04076295e-03
   6.04076295e-03   6.04076295e-03   6.04076295e-03   6.04076295e-03
   6.04076295e-03   6.04076295e-03   6.04076295e-03   6.04076295e-03
   6.04076295e-03   6.04076295e-03   6.04076295e-03   6.04076295e-03
   6.04076295e-03   6.04076295e-03   6.04076295e-03   6.04076295e-03
   6.04076295e-03   6.04076295e-03   6.04076295e-03   6.04076295e-03
   6.04076295e-03   6.04076295e-03   6.04076295e-03   6.04076295e-03
   6.04076295e-03   6.04076295e-03   6.04076295e-03   6.04076295e-03
   6.04076295e-03   6.04076295e-03   6.04076295e-03   6.04076295e-03
   6.04076295e-03   6.04076295e-03   6.04076295e-03   6.04076295e-03
   6.04076295e-03   6.04076295e-03   6.04076295e-03   6.04076295e-03
   6.04076295e-03   6.04076295e-03   6.04076295e-03   6.04076295e-03
   6.04076295e-03   6.04076295e-03   6.04076295e-03   6.04076295e-03
   6.04076295e-03   6.04076295e-03   6.04076295e-03   6.04076295e-03
   6.04076295e-03   6.04076295e-03   6.04076295e-03   6.04076295e-03
   6.04076295e-03   6.04076295e-03   6.04076295e-03   6.04076295e-03
   6.04076295e-03   6.04076295e-03   6.04076295e-03   6.04076295e-03
   6.04076295e-03   6.04076295e-03   6.04076295e-03   6.04076295e-03
   6.04076295e-03   6.04076295e-03   6.04076295e-03   6.04076295e-03
   6.04076295e-03   6.04076295e-03   6.04076295e-03   6.04076295e-03
   6.04076295e-03   6.04076295e-03   6.04076295e-03   6.04076295e-03
   6.04076295e-03   6.04076295e-03   6.04076295e-03   6.04076295e-03
   6.04076295e-03   6.04076295e-03   6.04076295e-03   6.04076295e-03
   6.04076295e-03   6.04076295e-03   6.04076295e-03   6.04076295e-03
   6.04076295e-03   6.04076295e-03   6.04076295e-03   6.04076295e-03
   6.04076295e-03   6.04076295e-03   6.04076295e-03   6.04076295e-03
   6.04076295e-03   6.04076295e-03   6.04076295e-03   6.04076295e-03
   6.04076295e-03   6.04076295e-03   6.04076295e-03   6.04076295e-03
   6.04076295e-03   6.04076295e-03   6.04076295e-03   6.04076295e-03
   6.04076295e-03   6.04076295e-03   6.04076295e-03   6.04076295e-03
   6.04076295e-03   6.04076295e-03   6.04076295e-03   6.04076295e-03
   6.04076295e-03   6.04076295e-03   6.04076295e-03   6.04076295e-03
   6.04076295e-03   6.04076295e-03   6.04076295e-03   6.04076295e-03
   6.04076295e-03   6.04076295e-03   6.04076295e-03   6.04076295e-03
   6.04076295e-03   6.04076295e-03   6.04076295e-03   6.04076295e-03
   6.04076295e-03   6.04076295e-03   6.04076295e-03   6.04076295e-03
   6.04076295e-03   6.04076295e-03   6.04076295e-03   6.04076295e-03
   6.04076295e-03   6.04076295e-03   6.04076295e-03   4.59365396e-02
   4.52177721e-02   4.42872480e-02   4.11592386e-02   4.08274281e-02
   4.16020144e-02   4.08207233e-02   4.00677610e-02   4.00357058e-02
   3.98755334e-02   3.89914938e-02   4.94849514e-02   4.96386311e-02
   4.87542489e-02   4.76949878e-02   4.62485469e-02   4.60936178e-02
   4.57234122e-02   3.51768370e-02   3.26642526e-02   3.09272299e-02
   2.72996845e-02   2.78026948e-02   2.95629072e-02   2.83977131e-02
   2.66166175e-02   2.64772337e-02   2.76491262e-02   2.89189533e-02
   3.93507984e-02   4.06968075e-02   4.13089555e-02   4.26048547e-02
   4.48347770e-02   4.40797809e-02   4.40797809e-02   4.40797809e-02
   4.40797809e-02   5.08040748e-02   5.26351130e-02   5.26351130e-02
   5.40572678e-02   5.47815752e-02   5.79721419e-02   5.86322389e-02
   5.86322389e-02   6.01560177e-02   6.03884055e-02   6.12489338e-02
   6.05715206e-02   5.93137401e-02   5.99771164e-02   6.20995817e-02
   6.17508614e-02   6.19134742e-02   6.25244675e-02   6.59920682e-02
   6.59395923e-02   6.42320291e-02   6.40029354e-02   6.20018862e-02
   6.20018862e-02   6.22835394e-02   6.23284804e-02   6.11404715e-02
   6.18383078e-02   6.36273820e-02   6.29365734e-02   6.29365734e-02
   6.29365734e-02   6.29365734e-02   6.29365734e-02   6.29365734e-02
   6.29365734e-02   6.75243687e-02   6.81388949e-02   6.95547888e-02
   6.71413093e-02   6.71413093e-02   6.81598264e-02   6.93492527e-02
   6.71009446e-02   6.69173476e-02   6.57023247e-02   6.78828674e-02
   6.77209746e-02   6.41189989e-02   6.41189989e-02   6.43233718e-02
   6.43605957e-02   6.52217057e-02   6.54465031e-02   6.52745321e-02
   6.41967922e-02   6.41967922e-02   6.41967922e-02   6.85134358e-02
   6.86447591e-02   6.72945887e-02   6.77239485e-02   6.64757920e-02
   6.64757920e-02   6.64757920e-02   6.64757920e-02   7.01802247e-02
   6.90651788e-02   7.09439463e-02   7.02882060e-02   6.77570030e-02
   6.87455903e-02   6.74808141e-02   6.81736174e-02   6.69175831e-02
   6.96055925e-02   6.93886313e-02   6.89911737e-02   7.07770486e-02
   6.79711035e-02   6.87407137e-02   6.74617690e-02   6.68925270e-02
   6.94432572e-02   6.93256939e-02   7.04762770e-02   7.02862989e-02
   7.02862989e-02   7.02862989e-02   7.01121629e-02   7.01121629e-02
   7.01121629e-02   6.27555807e-02   6.19637462e-02   6.27766445e-02
   6.19637462e-02   6.13399686e-02   6.21400895e-02   6.27769661e-02
   6.28564908e-02   6.28564908e-02   6.40243279e-02   6.40243279e-02
   6.40243279e-02   6.40243279e-02   6.40243279e-02   6.40243279e-02
   6.80678271e-02   6.73090751e-02   6.71314388e-02   5.87433954e-02
   5.81524452e-02   5.89042581e-02   5.89042581e-02   5.89042581e-02
   5.89042581e-02   5.89042581e-02   5.89042581e-02   5.89042581e-02
   5.89042581e-02   5.89042581e-02   5.89042581e-02   5.89042581e-02
   5.89042581e-02   5.89042581e-02   5.89042581e-02   5.89042581e-02
   5.89042581e-02   5.89042581e-02   5.89042581e-02   5.89042581e-02
   5.89042581e-02   6.07554272e-02   6.03505846e-02   6.12423364e-02
   5.97117788e-02   5.99285709e-02   6.24410220e-02   5.95507274e-02
   5.93261007e-02   5.73783783e-02   5.43918450e-02   5.43918450e-02
   5.43918450e-02   5.43918450e-02   5.43918450e-02   5.43918450e-02
   5.43918450e-02   5.43918450e-02   5.43918450e-02   5.43918450e-02
   5.43918450e-02   5.43918450e-02   5.43918450e-02   5.43918450e-02
   5.43918450e-02   5.43918450e-02   5.43918450e-02   5.43918450e-02
   5.43918450e-02   5.43918450e-02   5.43918450e-02   5.43918450e-02
   5.43918450e-02   5.43918450e-02   5.43918450e-02   5.43918450e-02
   5.43918450e-02   5.43918450e-02   5.43918450e-02   5.43918450e-02
   5.43918450e-02   5.43918450e-02   5.43918450e-02   5.43918450e-02
   5.43918450e-02   5.43918450e-02   5.43918450e-02   5.43918450e-02
   5.43918450e-02   5.43918450e-02   5.43918450e-02   5.43918450e-02
   5.43918450e-02   5.43918450e-02   5.43918450e-02   5.43918450e-02
   5.43918450e-02   5.43918450e-02   7.13563141e-02   7.13563141e-02
   7.24049491e-02   7.23265696e-02   7.06897944e-02   7.13308858e-02
   7.18893263e-02   7.33455738e-02   7.34540520e-02   7.41449891e-02
   7.47640473e-02   6.66710143e-02   6.73552453e-02   6.77541253e-02
   6.49359758e-02   6.42797133e-02   6.42408619e-02   6.30925662e-02
   6.34725976e-02   6.30658950e-02   6.33684419e-02   6.30110141e-02
   6.12919555e-02   6.40733449e-02   6.19927672e-02   6.07791905e-02
   5.92924620e-02   5.91098065e-02   5.96183184e-02   5.91378988e-02
   5.89864016e-02   6.09769866e-02   6.15254730e-02   6.28308495e-02
   6.36493145e-02   6.30261913e-02   6.30520680e-02   6.23581079e-02
   6.23581079e-02   6.21584701e-02   6.06293291e-02   6.35829326e-02
   6.53446367e-02   6.59043937e-02   6.51742755e-02   6.41048891e-02
   6.43892889e-02   6.45113173e-02   6.15842783e-02   6.13834258e-02
   6.16925263e-02   5.78886257e-02   5.72693189e-02   5.60022228e-02
   5.60764053e-02   5.61364439e-02   5.59446077e-02   5.61326617e-02
   5.61326617e-02   5.55899027e-02   5.52073557e-02   5.43873711e-02
   5.43873711e-02   5.56456571e-02   5.56606894e-02   5.69334287e-02
   5.61933138e-02   5.62314668e-02   5.73286758e-02   5.73286758e-02
   5.94644423e-02   5.94644423e-02   5.94644423e-02   6.05274937e-02
   6.12213153e-02   6.09870792e-02   6.21034839e-02   6.09688308e-02
   6.08702074e-02   5.95964924e-02   6.04007194e-02   5.82271424e-02
   5.94726058e-02   5.93347034e-02   5.80883974e-02   5.53590700e-02
   5.49429952e-02   5.52237767e-02   5.49155349e-02   5.75694902e-02
   5.96244772e-02   5.83812634e-02   5.66559505e-02   5.52758429e-02
   5.23153154e-02   5.23153154e-02   5.54500491e-02   5.54500491e-02
   6.20927536e-02   6.12442214e-02   6.12442214e-02   6.38934652e-02
   6.30219487e-02   6.30219487e-02   6.30219487e-02   6.11995824e-02
   6.20925790e-02   6.13851963e-02   6.20330350e-02   6.20330350e-02
   6.24203812e-02   6.10336890e-02   6.01662248e-02   6.32656371e-02
   6.01270915e-02   6.00632022e-02   6.00406422e-02   6.00406422e-02
   6.31688386e-02   6.16084122e-02   6.08574714e-02   6.17288869e-02
   6.16956960e-02   6.32220585e-02   6.23996244e-02   6.23996244e-02
   6.23996244e-02   6.23996244e-02   6.23996244e-02   6.23996244e-02
   6.23996244e-02   6.23996244e-02   6.23996244e-02   6.23996244e-02
   6.23996244e-02   6.23996244e-02   6.23996244e-02   6.23996244e-02
   6.13386033e-02   6.22251545e-02   6.11173638e-02   5.80603794e-02
   5.71857094e-02   5.73790508e-02   5.58669535e-02   5.72053746e-02
   5.64870653e-02   5.80349781e-02   5.77820530e-02   5.64970536e-02
   5.64970536e-02   5.64970536e-02   5.64970536e-02   5.64970536e-02
   5.64970536e-02   5.64970536e-02   5.64970536e-02   5.64970536e-02
   5.64970536e-02   5.64970536e-02   5.64970536e-02   5.64970536e-02
   5.64970536e-02   5.64970536e-02   5.64970536e-02   6.15207947e-02
   5.98570356e-02   5.83095489e-02   5.68567173e-02   5.68567173e-02
   5.68567173e-02   5.68567173e-02   5.68567173e-02   5.68567173e-02
   5.68567173e-02   5.68567173e-02   5.68567173e-02   5.68567173e-02
   5.68567173e-02   5.68567173e-02   5.68567173e-02   5.68567173e-02
   5.68567173e-02   5.68567173e-02   5.68567173e-02   5.68567173e-02
   5.68567173e-02   5.68567173e-02   5.68567173e-02   5.68567173e-02
   5.68567173e-02   5.68567173e-02   5.68567173e-02   5.68567173e-02
   5.68567173e-02   5.68567173e-02   5.68567173e-02   5.68567173e-02
   5.99341102e-02   6.11189936e-02   6.08802354e-02   5.75395574e-02
   5.75395574e-02   5.89709414e-02   6.03270286e-02   5.93981551e-02
   5.84253919e-02   5.84253919e-02   5.89286845e-02   5.92189037e-02
   5.94782952e-02   5.92873510e-02   5.92873510e-02   5.92873510e-02
   5.92873510e-02   5.92873510e-02   5.92873510e-02   5.92873510e-02
   5.92873510e-02   5.92873510e-02   5.92873510e-02   5.92873510e-02
   5.92873510e-02   5.92873510e-02   5.92873510e-02   5.92873510e-02
   5.92873510e-02   5.92873510e-02   5.92873510e-02   5.92873510e-02
   7.38486559e-02   8.31114111e-02   8.25221472e-02   8.46724777e-02
   8.44868554e-02   8.51034668e-02   8.67241612e-02   8.93261247e-02
   8.81827314e-02   8.81689710e-02   8.70163248e-02   8.67277651e-02
   8.64622570e-02   8.68449992e-02   8.52645733e-02   8.52645733e-02
   8.74785039e-02   8.74785039e-02   8.74785039e-02   9.12454899e-02
   9.23897572e-02   9.28696460e-02   9.43305414e-02   9.20010086e-02
   9.14334056e-02   9.04360134e-02   8.93140495e-02   8.87104091e-02
   8.87198582e-02   8.87947649e-02   8.93598918e-02   8.75528075e-02
   8.71839594e-02   8.68600018e-02   8.66741795e-02   8.54820888e-02
   8.53085794e-02   8.78780818e-02   8.76295957e-02   8.77430768e-02
   8.87163537e-02   8.93457304e-02   8.96528877e-02   8.85830949e-02
   8.85185680e-02   8.87524700e-02   8.75326363e-02   8.15530747e-02
   8.16890943e-02   8.12753794e-02   7.81689924e-02   7.69736069e-02
   7.62524520e-02   7.80302439e-02   7.80727123e-02   7.57875753e-02
   7.55281019e-02   7.56186236e-02   7.56186236e-02   7.56055301e-02
   7.50839057e-02   6.90439975e-02   6.87680306e-02   6.99027701e-02
   7.11466695e-02   6.91177021e-02   6.72571536e-02   6.55897210e-02
   6.44662435e-02   6.40171530e-02   6.45577366e-02   6.30959361e-02
   6.24103082e-02   6.07227064e-02   5.64060864e-02   5.50969753e-02
   5.30932223e-02   5.16677780e-02   5.17035174e-02   5.15869450e-02
   5.15063126e-02   5.15063126e-02   5.16597333e-02   5.16597333e-02
   5.43915013e-02   5.51979391e-02   5.48584839e-02   5.48584839e-02
   5.55088425e-02   5.86123078e-02   5.85465280e-02   6.09057545e-02
   5.94533056e-02   5.84092135e-02   5.99042354e-02   6.06967145e-02
   6.05966385e-02   6.05966385e-02   6.05966385e-02   6.05966385e-02
   6.05966385e-02   6.46429802e-02   6.43204737e-02   6.59170836e-02
   6.59170836e-02   6.84297651e-02   6.84214898e-02   6.77669244e-02
   6.77669244e-02   6.76903224e-02   6.61458311e-02   6.61458311e-02
   6.61458311e-02   6.61458311e-02   7.07177740e-02   6.99965909e-02
   6.61958615e-02   5.38749787e-02   5.38749787e-02   5.35898786e-02
   5.25439253e-02   5.25439253e-02   5.25439253e-02   5.39027043e-02
   5.39027043e-02   5.39027043e-02   5.39027043e-02   5.39027043e-02
   5.39027043e-02   5.39027043e-02   5.39027043e-02   5.92797288e-02
   5.92797288e-02   6.05203132e-02   5.67818206e-02   5.88715823e-02
   5.84472137e-02   5.80310710e-02   5.71954348e-02   5.79482942e-02
   5.97117116e-02   5.89095723e-02   5.89095723e-02   6.21328318e-02
   5.95856614e-02   5.95856614e-02   5.95856614e-02   5.95856614e-02
   6.03672314e-02   5.70904721e-02   5.49136109e-02   5.28883228e-02
   5.31144398e-02   5.15346981e-02   5.27616678e-02   5.16377075e-02
   5.16377075e-02   5.27559198e-02   5.27559198e-02   5.27559198e-02
   5.27559198e-02   5.27559198e-02   5.27559198e-02   5.27559198e-02
   5.27559198e-02   5.27559198e-02   5.27559198e-02   5.27559198e-02
   5.27559198e-02   5.27559198e-02   5.27559198e-02   5.27559198e-02
   5.27559198e-02   5.27559198e-02   5.27559198e-02   5.27559198e-02
   5.27559198e-02   5.27559198e-02   5.21264969e-02   5.21264969e-02
   5.21264969e-02   5.21264969e-02   5.21264969e-02   5.17810216e-02
   5.21659378e-02   4.29295948e-02   4.19197759e-02   3.95723764e-02
   3.95723764e-02   3.92389401e-02   3.75948929e-02   3.75948929e-02
   3.75948929e-02   3.75948929e-02   3.75948929e-02   3.75948929e-02
   3.75948929e-02   3.75948929e-02   3.75948929e-02   3.75948929e-02
   3.75948929e-02   3.75948929e-02   3.75948929e-02   3.75948929e-02
   3.75948929e-02   3.75948929e-02   3.75948929e-02   3.75948929e-02
   3.75948929e-02   3.75948929e-02   3.75948929e-02   3.75948929e-02
   3.75948929e-02   3.75948929e-02   3.75948929e-02   3.75948929e-02
   3.76940435e-02   4.05043124e-02   4.05043124e-02   4.05043124e-02
   4.05043124e-02   4.05043124e-02   4.05043124e-02   4.05043124e-02
   4.05043124e-02   4.05043124e-02   4.05043124e-02   4.05043124e-02
   4.05043124e-02   6.66690761e-02   6.56114065e-02   6.57613308e-02
   5.31125241e-02   5.39528293e-02   5.40329789e-02   5.40272264e-02
   5.23388902e-02   5.27570069e-02   5.16346262e-02   5.12697509e-02
   5.07952885e-02   5.63074362e-02   5.55256671e-02   5.54518970e-02
   5.57265262e-02   5.30792819e-02   5.30792819e-02   5.43724324e-02
   5.27044508e-02   5.32028757e-02   5.54335851e-02   5.37585093e-02
   5.48946723e-02   5.48946723e-02   5.61890626e-02   5.89320460e-02
   5.82887688e-02   5.76452250e-02   5.62858710e-02   5.66475637e-02
   5.73597015e-02   5.58162690e-02   5.58162690e-02   6.05208632e-02
   6.15656442e-02   6.21518039e-02   6.21518039e-02   6.31153688e-02
   6.14183502e-02   6.08666150e-02   6.07899969e-02   6.03420824e-02
   6.22152926e-02   6.08940738e-02   5.80038242e-02   5.58480301e-02
   5.71549781e-02   5.65612144e-02   5.72688596e-02   5.80834477e-02
   5.97357375e-02   5.99396447e-02   5.99396447e-02   6.31171278e-02
   6.31171278e-02   6.33370139e-02   6.10639719e-02   6.00387765e-02
   5.34316778e-02   5.35228733e-02   5.35228733e-02   5.35228733e-02
   5.35228733e-02   5.35228733e-02   5.35228733e-02   5.35228733e-02
   5.35228733e-02   5.95536700e-02   5.81895626e-02   5.74620760e-02
   5.56817223e-02   5.61588895e-02   5.17887629e-02   5.01829955e-02
   5.18124024e-02   5.36332283e-02   5.19504738e-02   5.14162366e-02],
[ 0.19536696  0.17179939  0.17179939  0.15482596  0.11063583  0.09305382
  0.09305382  0.092343    0.09282665  0.0810948   0.0810948   0.08827901
  0.08085851  0.07237941  0.06646682  0.05944811  0.05796029  0.05592664
  0.03620603  0.03090072  0.01930186  0.01302055  0.01042494  0.01297654
  0.00813733  0.00654951  0.0014998   0.00261549  0.00261549  0.00261549
  0.0074847   0.00896997  0.0102633   0.02484331  0.02484331  0.02484331
  0.02397526  0.02240411  0.02096616  0.01597058  0.01580679  0.01423294
  0.01453738  0.01453738  0.01453738  0.01453738  0.01453738  0.01453738
  0.02129834  0.0194018   0.02257227  0.0232836   0.01936181  0.01602194
  0.01302352  0.00954846  0.01221404  0.01164335  0.00505062  0.00383272
  0.00412775  0.00047656  0.0047474   0.00674936  0.00586259  0.00759601
  0.00498389  0.00498389  0.00611575  0.00918019  0.00918019  0.00918019
  0.01104273  0.01261713  0.02336857  0.02332598  0.02332598  0.02332598
  0.02332598  0.03357232  0.03560387  0.0243208   0.0243208   0.0243208
  0.0243208   0.0243208   0.0243208   0.0243208   0.0243208   0.0243208
  0.0243208   0.0243208   0.0243208   0.0243208   0.0243208   0.0243208
  0.0243208   0.0243208   0.0243208   0.0243208   0.0243208   0.0243208
  0.0243208   0.0243208   0.0243208   0.0243208   0.0243208   0.0243208
  0.0243208   0.0243208   0.0243208   0.0243208   0.0243208   0.0243208
  0.0243208   0.0243208   0.0243208   0.0243208   0.0243208   0.0243208
  0.0243208   0.0243208   0.0243208   0.0243208   0.0243208   0.0243208
  0.0243208   0.0243208   0.0243208   0.0243208   0.0243208   0.0243208
  0.0243208   0.0243208   0.0243208   0.0243208   0.0243208   0.0243208
  0.0243208   0.0243208   0.0243208   0.0243208   0.0243208   0.0243208
  0.0243208   0.0243208   0.0243208   0.0243208   0.0243208   0.0243208
  0.0243208   0.0243208   0.0243208   0.0243208   0.0243208   0.0243208
  0.0243208   0.0243208   0.0243208   0.0243208   0.0243208   0.0243208
  0.0243208   0.0243208   0.0243208   0.0243208   0.0243208   0.0243208
  0.0243208   0.0243208   0.0243208   0.0243208   0.0243208   0.0243208
  0.0243208   0.0243208   0.0243208   0.0243208   0.0243208   0.0243208
  0.0243208   0.0243208   0.0243208   0.0243208   0.0243208   0.0243208
  0.0243208   0.0243208   0.0243208   0.0243208   0.0243208   0.0243208
  0.0243208   0.0243208   0.0243208   0.0243208   0.0243208   0.0243208
  0.0243208   0.0243208   0.0243208   0.0243208   0.0243208   0.0243208
  0.0243208   0.0243208   0.0243208   0.0243208   0.0243208   0.0243208
  0.0243208   0.0243208   0.0243208   0.0243208   0.0243208   0.0243208
  0.0243208   0.0243208   0.0243208   0.0243208   0.0243208   0.0243208
  0.0243208   0.0243208   0.0243208   0.0243208   0.0243208   0.0243208
  0.0243208   0.0243208   0.0243208   0.0243208   0.0243208   0.0243208
  0.0243208   0.0243208   0.0243208   0.0243208   0.0243208   0.0243208
  0.0243208   0.0243208   0.0243208   0.0243208   0.0243208   0.0243208
  0.0243208   0.0243208   0.0243208   0.0243208   0.0243208   0.0243208
  0.0243208   0.0243208   0.0243208   0.0243208   0.0243208   0.0243208
  0.0243208   0.0243208   0.0243208   0.0243208   0.0243208   0.0243208
  0.0243208   0.0243208   0.0243208   0.0243208   0.0243208   0.0243208
  0.0243208   0.0243208   0.0243208   0.0243208   0.0243208   0.0243208
  0.0243208   0.0243208   0.0243208   0.0243208   0.0243208   0.0243208
  0.0243208   0.0243208   0.0243208   0.0243208   0.0243208   0.0243208
  0.0243208   0.0243208   0.0243208   0.0243208   0.0243208   0.0243208
  0.0243208   0.0243208   0.0243208   0.0243208   0.0243208   0.0243208
  0.0243208   0.0243208   0.0243208   0.0243208   0.0243208   0.0243208
  0.0243208   0.0243208   0.0243208   0.0243208   0.0243208   0.0243208
  0.0243208   0.0243208   0.0243208   0.0243208   0.0243208   0.0243208
  0.0243208   0.0243208   0.0243208   0.0243208   0.0243208   0.0243208
  0.0243208   0.0243208   0.0243208   0.0243208   0.0243208   0.0243208
  0.0243208   0.0243208   0.0243208   0.0243208   0.0243208   0.0243208
  0.0243208   0.0243208   0.0243208   0.0243208   0.0243208   0.0243208
  0.0243208   0.0243208   0.0243208   0.0243208   0.0243208   0.0243208
  0.0243208   0.0243208   0.0243208   0.0243208   0.0243208   0.0243208
  0.0243208   0.0243208   0.0243208   0.0243208   0.0243208   0.0243208
  0.0243208   0.0243208   0.0243208   0.0243208   0.0243208   0.0243208
  0.0243208   0.0243208   0.0243208   0.0243208   0.0243208   0.0243208
  0.0243208   0.0243208   0.0243208   0.0243208   0.0243208   0.0243208
  0.0243208   0.0243208   0.0243208   0.0243208   0.0243208   0.0243208
  0.0243208   0.0243208   0.0243208   0.0243208   0.0243208   0.0243208
  0.0243208   0.0243208   0.0243208   0.0243208   0.0243208   0.0243208
  0.0243208   0.0243208   0.0243208   0.0243208   0.0243208   0.0243208
  0.0243208   0.0243208   0.0243208   0.0243208   0.0243208   0.0243208
  0.0243208   0.0243208   0.0243208   0.0243208   0.0243208   0.0243208
  0.0243208   0.0243208   0.0243208   0.0243208   0.0243208   0.0243208
  0.0243208   0.0243208   0.0243208   0.0243208   0.0243208   0.0243208
  0.0243208   0.0243208   0.0243208   0.0243208   0.0243208   0.0243208
  0.0243208   0.0243208   0.0243208   0.0243208   0.0243208   0.0243208
  0.0243208   0.0243208   0.0243208   0.0243208   0.0243208   0.0243208
  0.0243208   0.0243208   0.0243208   0.0243208   0.0243208   0.0243208
  0.0243208   0.0243208   0.0243208   0.0243208   0.0243208   0.0243208
  0.0243208   0.0243208   0.0243208   0.0243208   0.0243208   0.0243208
  0.0243208   0.0243208   0.0243208   0.0243208   0.06843119  0.06752542
  0.06534364  0.06534364  0.06773937  0.07415151  0.06987508  0.06960053
  0.06648875  0.07148243  0.06801231  0.0707091   0.0706777   0.07113817
  0.07438269  0.0746039   0.07279085  0.07660098  0.076765    0.07485501
  0.07311352  0.07095232  0.07210976  0.07210976  0.07712684  0.07668339
  0.07298624  0.0737408   0.0749966   0.07200635  0.07343476  0.07397076
  0.07607633  0.0758689   0.07380842  0.07325786  0.07627457  0.07668222
  0.07794852  0.08107522  0.08006644  0.0780722   0.07791296  0.07940272
  0.07967973  0.08058121  0.06978027  0.06974349  0.06547808  0.06547808
  0.06535727  0.06724023  0.06724023  0.06795092  0.06851012  0.06716394
  0.06760476  0.06945769  0.06560661  0.06560661  0.06059775  0.05814905
  0.05878532  0.0571105   0.05399443  0.05195472  0.05279365  0.0526832
  0.0526832   0.05488779  0.05646561  0.05814171  0.05925103  0.05792545
  0.05603043  0.05684568  0.05726934  0.05627579  0.05554387  0.05582621
  0.05351468  0.05081066  0.04985119  0.04991047  0.04991047  0.04991047
  0.05306951  0.05483288  0.05532329  0.05270005  0.05090623  0.05102419
  0.0498624   0.05084283  0.04896563  0.04776811  0.05514035  0.05514035
  0.05514035  0.05970819  0.05558751  0.05558751  0.05749606  0.05661781
  0.0604279   0.0604279   0.0604279   0.0604279   0.06368238  0.06368238
  0.06363233  0.064062    0.06424299  0.06505035  0.06673559  0.06329367
  0.05245508  0.0502955   0.04909953  0.049173    0.04831693  0.04832396
  0.04411563  0.04374214  0.041884    0.043159    0.04425064  0.04505518
  0.04443093  0.04403046  0.04339724  0.04105407  0.04177153  0.04176784
  0.04405129  0.04405129  0.04408026  0.04300281  0.04352716  0.04352716
  0.04485762  0.04106221  0.04089271  0.04089271  0.03974324  0.03974324
  0.03974324  0.04071532  0.03986025  0.03668962  0.03507839  0.0364084
  0.03704544  0.03704544  0.03704544  0.0389345   0.03928371  0.03963382
  0.03571035  0.03915269  0.03865856  0.03756188  0.03756188  0.03756188
  0.03756188  0.03756188  0.03756188  0.03756188  0.03756188  0.03756188
  0.03756188  0.03756188  0.03756188  0.03756188  0.03756188  0.03756188
  0.03756188  0.03756188  0.03756188  0.03756188  0.03756188  0.03756188
  0.03756188  0.03756188  0.03756188  0.03756188  0.03756188  0.03756188
  0.03756188  0.03756188  0.03756188  0.03756188  0.03756188  0.03756188
  0.03756188  0.03756188  0.03756188  0.03756188  0.03756188  0.03756188
  0.03756188  0.03756188  0.03756188  0.03756188  0.03756188  0.03756188
  0.03756188  0.03756188  0.03756188  0.03756188  0.03756188  0.03756188
  0.03756188  0.03756188  0.03756188  0.03756188  0.03756188  0.03756188
  0.03756188  0.03756188  0.03756188  0.03756188  0.03756188  0.03756188
  0.03756188  0.05335058  0.05255397  0.05298492  0.05253405  0.05253405
  0.05247553  0.05247553  0.05247553  0.05247553  0.05247553  0.0588749
  0.06392584  0.06157379  0.06376245  0.06495992  0.06555197  0.0542784
  0.05183279  0.05000712  0.05095401  0.04979449  0.04843374  0.05057189
  0.05383471  0.05383471  0.06002687  0.05343907  0.05594313  0.05683289
  0.05702364  0.05577317  0.05380688  0.05346907  0.05366544  0.05161151
  0.05155547  0.04725617  0.04625668  0.04498071  0.04521387  0.04521387
  0.03980897  0.03980897  0.03517097  0.03619547  0.03709532  0.03828831
  0.04331833  0.04229327  0.04229327  0.04229327  0.05156024  0.0471984
  0.0471984   0.0607535   0.06122977  0.06206038  0.06554406  0.06586834
  0.06693841  0.06558786  0.06535616  0.06028713  0.05801334  0.05328913
  0.0529674   0.05427694  0.05117741  0.05056949  0.05056949  0.05056949
  0.05568097  0.05896722  0.05923775  0.05923775  0.05923775  0.05962291
  0.05962291  0.05875842  0.05875842  0.05875842  0.05875842  0.05511956
  0.05567135  0.0556361   0.0556361   0.0556361   0.0556361   0.0556361
  0.0556361   0.0556361   0.0556361   0.0556361   0.05954515  0.05657763
  0.05259187  0.05248211  0.05220461  0.04960013  0.04960013  0.04936029
  0.04936029  0.04936029  0.04936029  0.04936029  0.04936029  0.04936029
  0.04936029  0.04936029  0.04936029  0.04936029  0.04936029  0.04936029
  0.04936029  0.04936029  0.04936029  0.04936029  0.05451694  0.05278669
  0.05278669  0.05278669  0.05329928  0.04995917  0.05023558  0.04975367
  0.05065639  0.04915089  0.04612472  0.04519078  0.04300563  0.04590414
  0.04590414  0.04590414  0.04590414  0.04590414  0.04590414  0.04590414
  0.04590414  0.04590414  0.04384752  0.04354455  0.04354455  0.04232749
  0.04232749  0.04232749  0.04232749  0.04232749  0.04232749  0.04232749
  0.04232749  0.04232749  0.04232749  0.04232749  0.04232749  0.04232749
  0.04232749  0.04232749  0.04232749  0.04232749  0.04232749  0.04232749
  0.04232749  0.04232749  0.04232749  0.04232749  0.04232749  0.04232749
  0.04232749  0.04232749  0.04232749  0.04232749  0.04232749  0.04396108
  0.04209982  0.04277724  0.04277724  0.04277724  0.04277724  0.04277724
  0.04277724  0.04277724  0.04277724  0.04277724  0.04277724  0.04277724
  0.04277724  0.04277724  0.04277724  0.04277724  0.04277724  0.04277724
  0.04277724  0.04277724  0.04376962  0.04376962  0.04376962  0.04376962
  0.04376962  0.04376962  0.04376962  0.04376962  0.04376962  0.04376962
  0.04376962  0.04376962  0.04376962  0.04376962  0.04376962  0.04376962
  0.04376962  0.04376962  0.04376962  0.04376962  0.04376962  0.04376962
  0.04376962  0.04376962  0.04376962  0.04376962  0.04376962  0.04376962
  0.04376962  0.04492172  0.04281362  0.04281362  0.04281362  0.04398408
  0.04405284  0.04405284  0.04445891  0.04487672  0.04144954  0.04308625
  0.04272945  0.04669408  0.04476718  0.04397655  0.04551861  0.04606644
  0.04606644  0.04827417  0.04837637  0.04483882  0.04483882  0.04483882
  0.04167283  0.04139807  0.04066177  0.04317213  0.04223023  0.04106603
  0.04076231  0.04076231  0.04554618  0.04382461  0.04221327  0.04216891
  0.04156805  0.0434092   0.0424655   0.0434092   0.04525005  0.04664011
  0.04468715  0.04703394  0.04703394  0.04825158  0.04825158  0.05000259
  0.04631905  0.04778799  0.04816965  0.04816965  0.05007366  0.05066279
  0.05112667  0.0496432   0.05118713  0.05277854  0.05118975  0.04907929
  0.05081289  0.05081289  0.05081289  0.05081289  0.05081289  0.05081289
  0.0564657   0.0564657   0.05582472  0.05582472  0.05900102  0.05800734
  0.05800734  0.05800734  0.06371169  0.06392091  0.06315559  0.06315559
  0.06315885  0.06316792  0.06382101  0.06330211  0.06466297  0.06330211
  0.0614389   0.06375766  0.0619968   0.0619968 ],
[ 0.184164    0.17876194  0.14643747  0.14752882  0.14829531  0.13037804
  0.13206913  0.13423149  0.12281156  0.09664847  0.07827716  0.07187073
  0.04919815  0.0482838   0.03039934  0.02937608  0.03000329  0.02760557
  0.01997754  0.01299424  0.00822526  0.01583752  0.01585197  0.01420522
  0.02039997  0.00936807  0.00761443  0.00823317  0.00823317  0.00823317
  0.00823317  0.00823317  0.00823317  0.00823317  0.00823317  0.00823317
  0.00823317  0.00823317  0.00823317  0.00823317  0.00823317  0.00823317
  0.00823317  0.00823317  0.00823317  0.00823317  0.00823317  0.00823317
  0.00823317  0.01138675  0.00970175  0.00627924  0.00314853  0.00508809
  0.00026998  0.00026998  0.00026998  0.00951808  0.01169792  0.01604201
  0.02026744  0.01849899  0.02165448  0.02308325  0.0266893   0.02704041
  0.02883022  0.03032729  0.0294634   0.02960241  0.02951261  0.03159351
  0.03330851  0.03267343  0.03408328  0.03747006  0.03798102  0.03945136
  0.03136599  0.03349534  0.02552997  0.02774546  0.0250108   0.02001328
  0.01964058  0.01964058  0.02445846  0.02445846  0.02445846  0.02445846
  0.02852873  0.02852873  0.03227217  0.03210859  0.03210859  0.03210859
  0.03210859  0.03210859  0.04002607  0.04002607  0.0409012   0.04127795
  0.03965755  0.03781222  0.03731576  0.03828461  0.03828461  0.03870508
  0.03870508  0.03906687  0.03671903  0.03635931  0.03830486  0.03658303
  0.03595788  0.03744772  0.03662802  0.03765     0.03805457  0.03805457
  0.03805457  0.03805457  0.03805457  0.03941542  0.03941542  0.03851113
  0.03907984  0.03685971  0.0372064   0.03506096  0.036513    0.03512187
  0.03512187  0.03512187  0.0397574   0.03931975  0.03931975  0.03931975
  0.03931975  0.03887552  0.03899269  0.03899269  0.03899269  0.04068189
  0.04068189  0.04170534  0.03976343  0.03576777  0.03352973  0.03352973
  0.03352973  0.03352973  0.03352973  0.03352973  0.03352973  0.03724461
  0.03724461  0.03724461  0.03724461  0.03724461  0.03724461  0.03724461
  0.03724461  0.03724461  0.03724461  0.03724461  0.03724461  0.03724461
  0.03724461  0.03724461  0.03724461  0.03724461  0.03724461  0.03724461
  0.03724461  0.03724461  0.03724461  0.03724461  0.03724461  0.03724461
  0.03724461  0.03724461  0.03724461  0.03724461  0.03724461  0.03724461
  0.03724461  0.03724461  0.03724461  0.03724461  0.03724461  0.03724461
  0.03724461  0.03724461  0.03724461  0.03724461  0.03724461  0.03724461
  0.03724461  0.03724461  0.03724461  0.03724461  0.03724461  0.03724461
  0.03724461  0.03724461  0.03724461  0.03724461  0.03724461  0.03724461
  0.03724461  0.03724461  0.03724461  0.03724461  0.03724461  0.03724461
  0.03724461  0.03724461  0.03724461  0.03724461  0.03724461  0.03724461
  0.03724461  0.03724461  0.03724461  0.03724461  0.03724461  0.03724461
  0.03724461  0.03724461  0.03724461  0.03724461  0.03724461  0.03724461
  0.03724461  0.03724461  0.03724461  0.03724461  0.03724461  0.03724461
  0.03724461  0.06099919  0.05845152  0.05845152  0.05637536  0.05567924
  0.05689454  0.05690347  0.05850347  0.05766854  0.06543967  0.06570082
  0.06895093  0.07169359  0.06890725  0.06924537  0.07077155  0.06884374
  0.07599479  0.07667642  0.07286224  0.07624981  0.07437066  0.07422399
  0.07342738  0.07342738  0.07354708  0.07354708  0.07297674  0.07312863
  0.07441852  0.07379208  0.07333743  0.07297826  0.07323443  0.07485985
  0.07440449  0.07401309  0.07159542  0.07311903  0.07295659  0.07329678
  0.07215165  0.07010191  0.06731174  0.06745159  0.05432899  0.05276365
  0.05309709  0.05197274  0.05362396  0.05150269  0.05150269  0.05500691
  0.05301042  0.05525795  0.05503806  0.05745551  0.05591369  0.05591369
  0.0585509   0.05828267  0.05828267  0.05828267  0.05828267  0.05949112
  0.0610477   0.0610477   0.06198944  0.0637935   0.06583731  0.06721025
  0.06554816  0.06990003  0.07219901  0.0747409   0.07539437  0.07539437
  0.07539437  0.07539437  0.07539437  0.07982307  0.0807073   0.08103976
  0.08216013  0.0801875   0.07859868  0.07960626  0.07960626  0.08061444
  0.08085154  0.07869223  0.0782323   0.07982035  0.08094016  0.08195249
  0.08400384  0.08454768  0.08517341  0.08506039  0.08472881  0.08472881
  0.08595632  0.08344917  0.08276487  0.07468482  0.07679112  0.07373616
  0.07040078  0.07010512  0.06066203  0.06025972  0.06025972  0.05844012
  0.05659734  0.05416012  0.05560189  0.04582152  0.04510267  0.04510267
  0.04490647  0.04751291  0.0466353   0.04567349  0.04567349  0.04567349
  0.04567349  0.04567349  0.04567349  0.04567349  0.04567349  0.04567349
  0.04567349  0.04567349  0.04567349  0.04567349  0.04567349  0.04567349
  0.04567349  0.04567349  0.04567349  0.04567349  0.04723974  0.04767282
  0.0462841   0.0471618   0.04816189  0.04816189  0.04137508  0.04137508
  0.04137508  0.04137508  0.04137508  0.04137508  0.04137508  0.04137508
  0.04137508  0.04137508  0.04181198  0.04130208  0.04181167  0.04026915
  0.03762226  0.0363869   0.03564606  0.03404262  0.02975834  0.02984338
  0.02984338  0.02984338  0.02984338  0.02984338  0.02984338  0.02984338
  0.02984338  0.0361549   0.0361549   0.0361549   0.0361549   0.0361549
  0.03080545  0.02937983  0.02937983  0.03067961  0.02906435  0.02906435
  0.02906435  0.02906435  0.02906435  0.02906435  0.02906435  0.02906435
  0.02906435  0.02906435  0.02906435  0.03265233  0.0308219   0.02871238
  0.0267178   0.02474737  0.02226427  0.02070837  0.0185868   0.01928928
  0.01801204  0.02013428  0.02013428  0.02013428  0.02013428  0.02013428
  0.02013428  0.02013428  0.02013428  0.02013428  0.02013428  0.02013428
  0.02013428  0.02013428  0.02013428  0.02013428  0.02013428  0.0285572
  0.0303346   0.03160662  0.03495574  0.03531785  0.03788493  0.03882977
  0.03825332  0.03870688  0.03850465  0.03850465  0.0424406   0.03964837
  0.03767217  0.03770142  0.03638048  0.03566881  0.03566881  0.03982847
  0.04102858  0.04092102  0.03923786  0.03923786  0.0469734   0.04673888
  0.0449813   0.04424396  0.04637824  0.04855036  0.04810556  0.04973474
  0.04925938  0.05128185  0.0518146   0.04982454  0.04825055  0.04647441
  0.04529492  0.04530648  0.04507535  0.05545246  0.05726428  0.05565806
  0.0563636   0.0563636   0.05792642  0.05774459  0.06008061  0.05974194
  0.05968905  0.05974519  0.057386    0.05828486  0.05686775  0.05687825
  0.05687825  0.06027542  0.0605767   0.0538166   0.0520723   0.05234163
  0.05242663  0.04965288  0.05124389  0.05124389  0.05124389  0.05237504
  0.04923438  0.05126879  0.05126879  0.05294071  0.05294071  0.05352696
  0.05352696  0.05342547  0.05465468  0.05095207  0.05095207  0.05095207
  0.05095207  0.05095207  0.05095207  0.05095207  0.05095207  0.05095207
  0.05095207  0.05095207  0.05095207  0.05095207  0.05095207  0.05095207
  0.05095207  0.05095207  0.05095207  0.05095207  0.05095207  0.05095207
  0.05095207  0.05095207  0.05095207  0.05095207  0.05095207  0.05095207
  0.05451623  0.04214495  0.04028231  0.03811612  0.03811612  0.03724659
  0.03703603  0.03513661  0.03748816  0.03401803  0.03534997  0.03611993
  0.03486719  0.03403602  0.03403602  0.03616014  0.0391991   0.0391991
  0.0391991   0.0396849   0.03837834  0.03837834  0.03837834  0.03837834
  0.03837834  0.03837834  0.03837834  0.03837834  0.03837834  0.03837834
  0.03837834  0.03837834  0.03837834  0.04197677  0.04197677  0.0430082
  0.04057578  0.03692559  0.03722814  0.03714032  0.03785685  0.03768393
  0.03975184  0.03875701  0.04053896  0.04023077  0.04023077  0.03896111
  0.03835892  0.03835892  0.03835892  0.03835892  0.03835892  0.03835892
  0.04378416  0.04520125  0.04520125  0.04282149  0.04282149  0.04351658
  0.04351658  0.04351658  0.04365673  0.04261026  0.0424194   0.0424194
  0.0424194   0.0424194   0.0424194   0.0424194   0.0424194   0.04393397
  0.04393397  0.04393397  0.04393397  0.04393397  0.04393397  0.04393397
  0.04393397  0.04393397  0.04393397  0.04393397  0.04393397  0.04393397
  0.04393397  0.04840738  0.04889475  0.04959368  0.04939523  0.05050979
  0.05050979  0.0509974   0.05182902  0.04919619  0.05258944  0.05222999
  0.05224597  0.05224597  0.05224597  0.05224597  0.05224597  0.05224597
  0.05224597  0.05224597  0.05224597  0.05224597  0.05224597  0.05224597
  0.05220298  0.04891001  0.05004706  0.04818145  0.04616249  0.04322813
  0.04292253  0.04292253  0.04292253  0.04292253  0.04292253  0.04292253
  0.04292253  0.04292253  0.04292253  0.04292253  0.04292253  0.04292253
  0.04292253  0.04292253  0.04292253  0.04292253  0.04292253  0.04292253
  0.05342425  0.05373566  0.05373566  0.05102218  0.04759082  0.04923699
  0.04944226  0.04818744  0.04691291  0.04506374  0.04543029  0.04558502
  0.04682429  0.04682429  0.04682429  0.05444901  0.05487445  0.05591511
  0.0593643   0.05567587  0.05324124  0.05321084  0.0543115   0.05464602
  0.0543115   0.0543115   0.0543115   0.0543115   0.0543115   0.0543115
  0.05638853  0.05905595  0.06104375  0.06008709  0.05897586  0.05897586
  0.05897586  0.05897586  0.05897586  0.05897586  0.05897586  0.06276592
  0.06479491  0.06486728  0.06486728  0.06486728  0.06528292  0.0649901
  0.0649901   0.06565896  0.06487199  0.06327376  0.0637336   0.06414567
  0.0643581   0.055632    0.0538381   0.05308279  0.05197172  0.0530055
  0.05199096  0.05337715  0.05107304  0.04827565  0.04814931  0.04891661
  0.05055887  0.05055887  0.05395751  0.0522957   0.0536993   0.05438053
  0.05349745  0.05156793  0.05121127  0.05051163  0.05388309  0.05190959
  0.05107898  0.05104735  0.04960858  0.0430557   0.0411808   0.04087589
  0.04087589  0.04270938  0.04523773  0.04646468  0.04939998  0.04886563
  0.04962897  0.04942839  0.05082482  0.05146731  0.05503109  0.05312251
  0.05312251  0.05312251  0.05312251  0.05312251  0.05312251  0.05312251
  0.05312251  0.05312251  0.05312251  0.05312251  0.05312251  0.05312251
  0.05312251  0.05312251  0.05312251  0.05312251  0.05649365  0.04443518
  0.04640767  0.04611808  0.04274415  0.04195702  0.03861898  0.03882225
  0.03896743  0.03860177  0.03861255  0.03667526  0.03420959  0.03310815
  0.03306072  0.03257413  0.03094538  0.02838709  0.02808862  0.02808862
  0.02808862  0.02808862  0.02808862  0.02808862  0.02808862  0.04042335
  0.03369475  0.03453269  0.03215954  0.03203171  0.0320181   0.03158841
  0.03037277  0.02988588  0.02992731  0.02992731  0.02992731  0.03325534
  0.035352    0.0365907   0.03567421  0.03662907  0.03662907  0.03662907
  0.03712296  0.03488226  0.03488226  0.03488226  0.03488226  0.04161616
  0.0403766   0.03926327  0.03706138  0.03653865  0.03653865  0.03447394
  0.03447394  0.03447394  0.03447394  0.03447394  0.03447394  0.03662386
  0.03544745  0.03546623  0.03426989  0.03306505  0.03393578  0.03393578
  0.03393578  0.03393578  0.03393578  0.03839028  0.03839028  0.03514555
  0.03514555  0.03642578  0.03644372  0.03644372  0.03590838  0.03590838
  0.03586777  0.03586777  0.0325843   0.03162886  0.03310732  0.03645042
  0.03449169  0.03449169  0.03341975  0.03548401  0.03548401  0.03548401
  0.03391724  0.03419019  0.03469159  0.03325191  0.03335478  0.03174376
  0.02961528  0.02553675  0.02738621  0.02738621  0.02738621  0.02738621
  0.02738621  0.02738621  0.02738621  0.02738621  0.02738621  0.02738621
  0.02738621  0.02738621  0.02738621  0.04717827  0.04464856  0.04877706
  0.04902281  0.04938     0.04997341  0.0508581   0.05227521  0.05536578
  0.05605013  0.05605013  0.05605013  0.05605013  0.05605013  0.06118296
  0.06062674  0.06062674  0.06528489  0.06418866  0.06405351  0.06313322
  0.06286948  0.05900468  0.05975182  0.05896352  0.06173351  0.06255645
  0.06195163  0.06090708  0.06532529  0.06113461  0.06110118  0.06166299
  0.05815867  0.06254483  0.06182356  0.05962657  0.06282323  0.06300733
  0.05903954  0.06184348  0.06180021  0.06208789  0.06208789  0.06535834
  0.06462573  0.06428645  0.06749327  0.06749327  0.06942363  0.07025803
  0.0674617   0.06711191  0.06642681  0.06550031  0.05427439  0.05449941
  0.05558302  0.05388007  0.05699673  0.06021845  0.06021845  0.06307794
  0.06332017  0.06313124  0.06313124  0.06327064  0.06012411  0.05218557
  0.05218557  0.05218557  0.05218557  0.05218557  0.05821987  0.05897777
  0.05564761  0.05879168  0.05647309  0.05554552],
