[ 0.15037693  0.14544552  0.14368414  0.14619385  0.14512348  0.14512348
  0.14512348  0.14512348  0.14775817  0.15219875  0.15063925  0.15063925
  0.15033252  0.1523374   0.15245221  0.15278852  0.15403328  0.15733619
  0.1554566   0.1554566   0.15583883  0.15353833  0.15353833  0.15702126
  0.16062134  0.15795909  0.15795909  0.15795909  0.15795909  0.15795909
  0.15795909  0.15999106  0.16071057  0.16114258  0.16350745  0.1614509
  0.16409187  0.16519067  0.16519067  0.16519067  0.16519067  0.16519067
  0.16519067  0.17387334  0.17084198  0.17260158  0.17576535  0.17848564
  0.17946942  0.17908524  0.17501439  0.17501439  0.17819785  0.17819785
  0.17819785  0.17819785  0.17905013  0.17755309  0.17211383  0.17506574
  0.17348625  0.16993535  0.16993535  0.17112385  0.17112385  0.17427602
  0.17427602  0.17427602  0.17427602  0.17427602  0.18159627  0.18159627
  0.18065973  0.18318219  0.18233016  0.17998714  0.18267942  0.17908247
  0.18053724  0.17713857  0.17713857  0.17713857  0.17713857  0.17713857
  0.17713857  0.17713857  0.17713857  0.17713857  0.17713857  0.17713857
  0.17713857  0.17713857  0.17713857  0.17713857  0.17713857  0.17713857
  0.17713857  0.17713857  0.17713857  0.17713857  0.17713857  0.17713857
  0.17713857  0.17713857  0.17713857  0.17713857  0.17713857  0.17713857
  0.17713857  0.17713857  0.17713857  0.17713857  0.17713857  0.17713857
  0.17713857  0.17713857  0.17713857  0.17713857  0.17713857  0.17713857
  0.17713857  0.17713857  0.17713857  0.17713857  0.17713857  0.17713857
  0.17713857  0.17713857  0.17713857  0.17713857  0.17713857  0.17713857
  0.17713857  0.17713857  0.17713857  0.17713857  0.17713857  0.17704314
  0.17772292  0.17936225  0.18251253  0.18291723  0.18281614  0.17977778
  0.18054239  0.18054239  0.18054239  0.18054239  0.18054239  0.18054239
  0.18054239  0.18054239  0.18054239  0.18054239  0.18054239  0.18054239
  0.18054239  0.18054239  0.18054239  0.18054239  0.18054239  0.18054239
  0.18054239  0.18054239  0.18054239  0.18054239  0.18054239  0.18054239
  0.18054239  0.18054239  0.18054239  0.18054239  0.18054239  0.18054239
  0.18054239  0.18054239  0.18054239  0.18054239  0.18054239  0.18054239
  0.18054239  0.18054239  0.18054239  0.18054239  0.18054239  0.18054239
  0.18054239  0.18054239  0.18054239  0.18054239  0.18054239  0.18054239
  0.18054239  0.18054239  0.18054239  0.18054239  0.18054239  0.18054239
  0.18054239  0.18054239  0.18054239  0.18054239  0.18054239  0.18054239
  0.18054239  0.18054239  0.18054239  0.18054239  0.18054239  0.18054239
  0.18054239  0.18054239  0.18054239  0.18054239  0.18054239  0.18054239
  0.18054239  0.18054239  0.18054239  0.18054239  0.18054239  0.18054239
  0.18054239  0.18054239  0.18054239  0.18054239  0.18054239  0.18054239
  0.18054239  0.18054239  0.18054239  0.18054239  0.20090216  0.19909145
  0.19658721  0.19658721  0.19768585  0.19434291  0.19061179  0.19327071
  0.19242442  0.19498105  0.19864093  0.20011244  0.19844677  0.19668067
  0.19842892  0.19818403  0.19907671  0.19607851  0.19587649  0.19516757
  0.16487211  0.16307901  0.16118951  0.15901587  0.15767918  0.15767918
  0.15767918  0.15999676  0.16095909  0.16008739  0.15924982  0.15900681
  0.15814597  0.15464246  0.15105363  0.1491796   0.1491796   0.14864666
  0.14919405  0.14827043  0.14755535  0.14755535  0.14755535  0.14891447
  0.14775347  0.14291672  0.14198194  0.14271815  0.13989975  0.1395225
  0.14108489  0.14133155  0.14383053  0.14670803  0.147434    0.14496574
  0.14496574  0.14496574  0.14778204  0.14678707  0.15113276  0.15338365
  0.12918172  0.1295513   0.12882741  0.12961081  0.12961081  0.12857196
  0.12857652  0.13013716  0.13144243  0.132569    0.132569    0.13696039
  0.13744847  0.14107999  0.14033597  0.14033597  0.14033597  0.14047563
  0.13880734  0.13800765  0.14142797  0.14172423  0.14450702  0.14761408
  0.14957918  0.14957918  0.14957918  0.14957918  0.14957918  0.14957918
  0.14957918  0.14957918  0.14957918  0.14957918  0.14957918  0.14957918
  0.14957918  0.14957918  0.14957918  0.14957918  0.14957918  0.14957918
  0.14957918  0.14957918  0.14957918  0.14957918  0.14957918  0.14957918
  0.14957918  0.14957918  0.14957918  0.14957918  0.14957918  0.14957918
  0.14957918  0.14957918  0.14957918  0.14957918  0.14957918  0.14957918
  0.14957918  0.14957918  0.14957918  0.14957918  0.14957918  0.14957918
  0.14957918  0.14957918  0.14957918  0.14957918  0.14957918  0.14957918
  0.14957918  0.14957918  0.14957918  0.14957918  0.14957918  0.14957918
  0.14957918  0.14957918  0.14957918  0.14957918  0.14957918  0.14957918
  0.14957918  0.14957918  0.14957918  0.14957918  0.14957918  0.14957918
  0.14957918  0.14957918  0.14957918  0.14957918  0.14957918  0.14957918
  0.14957918  0.14957918  0.14957918  0.14957918  0.14957918  0.14957918
  0.14957918  0.15172615  0.15172615  0.15035313  0.1474555   0.1474555
  0.14742192  0.14645281  0.14573131  0.14683156  0.14865946  0.14865946
  0.15032173  0.15032173  0.15032173  0.15032173  0.15032173  0.15032173
  0.15032173  0.15032173  0.15032173  0.15032173  0.15032173  0.15032173
  0.1522647   0.14974701  0.14875295  0.14875295  0.14724746  0.14724746
  0.14669817  0.14507491  0.14317694  0.1468396   0.14475029  0.1427875
  0.1427875   0.14556071  0.1434038   0.1434038   0.1434038   0.1434038
  0.1434038   0.1434038   0.14587942  0.14209616  0.14209616  0.14209616
  0.14221611  0.14152049  0.14152049  0.14152049  0.14152049  0.14152049
  0.14152049  0.14152049  0.14152049  0.14152049  0.14152049  0.14152049
  0.14152049  0.14152049  0.14152049  0.14152049  0.14152049  0.14152049
  0.14906626  0.1584064   0.1584064   0.15944663  0.15692974  0.15862899
  0.15868802  0.15850059  0.16014597  0.15687427  0.15777052  0.15322578
  0.15466737  0.15564558  0.15308025  0.15087336  0.145286    0.14371483
  0.14446376  0.14558859  0.14203455  0.14333537  0.14426179  0.14714167
  0.1522608   0.15032249  0.14786598  0.1482165   0.14569152  0.14688898
  0.14616006  0.14616006  0.1454582   0.1450357   0.14327055  0.14394434
  0.14394434  0.1505892   0.14906832  0.14699806  0.1491615   0.14673791
  0.14504385  0.14663412  0.14798114  0.14254031  0.14148938  0.14270094
  0.14380047  0.14483124  0.14377129  0.14377129  0.14377129  0.14355
  0.14159359  0.14332     0.13972829  0.13923585  0.1384916   0.13671721
  0.13386885  0.13275465  0.13333527  0.13250763  0.13176868  0.13109607
  0.13109607  0.13339107  0.13326227  0.13533547  0.13195025  0.12659422
  0.12485637  0.12690335  0.12769748  0.12411773  0.12264099  0.12571609
  0.12587223  0.12607301  0.12879733  0.12822099  0.13074198  0.13054546
  0.12822359  0.130261    0.1318294   0.13129497  0.1293961   0.12812468
  0.12544193  0.12544193  0.12413364  0.12544545  0.12375019  0.12279214
  0.12334893  0.12428355  0.12615384  0.12473301  0.12410771  0.12916114
  0.12634767  0.12634767  0.1263062   0.12659151  0.12659151  0.12659151
  0.12643071  0.12916783  0.13138528  0.12818404  0.12818404  0.1329393
  0.13349149  0.1327156   0.13359652  0.1325735   0.13099347  0.13092088
  0.13394     0.13535785  0.13535785  0.13535785  0.13484851  0.1345324
  0.12919339  0.1253497   0.1251814   0.12418023  0.12396966  0.12164018
  0.12304065  0.11947286  0.12223866  0.11870423  0.11956898  0.11956898
  0.11956898  0.11956898  0.11956898  0.11956898  0.11956898  0.12128153
  0.12128153  0.12128153  0.12128153  0.12128153  0.12295382  0.12246555
  0.12246555  0.12246555  0.12246555  0.12246555  0.12246555  0.12246555
  0.12246555  0.12246555  0.12246555  0.12246555  0.12246555  0.12246555
  0.12246555  0.12246555  0.12246555  0.12246555  0.12246555  0.12246555
  0.12246555  0.12246555  0.12246555  0.12246555  0.12246555  0.12246555
  0.12246555  0.12246555  0.12246555  0.12246555  0.12246555  0.12246555
  0.12246555  0.12246555  0.12246555  0.12246555  0.12246555  0.12246555
  0.12246555  0.12246555  0.12246555  0.12246555  0.12246555  0.12246555
  0.12246555  0.12246555  0.12246555  0.12246555  0.12246555  0.12246555
  0.12246555  0.12246555  0.12246555  0.12246555  0.12246555  0.12246555
  0.12246555  0.12246555  0.12246555  0.12246555  0.12246555  0.12246555
  0.12246555  0.12246555  0.12246555  0.12246555  0.12246555  0.12246555
  0.12246555  0.12246555  0.12246555  0.12246555  0.12246555  0.12246555
  0.12246555  0.12246555  0.12246555  0.12246555  0.12246555  0.12246555
  0.12246555  0.12246555  0.12246555  0.12246555  0.12246555  0.12246555
  0.12246555  0.12246555  0.12246555  0.12246555  0.12246555  0.12246555
  0.12246555  0.12246555  0.12246555  0.12246555  0.12246555  0.12246555
  0.12246555  0.12246555  0.12246555  0.12246555  0.12246555  0.12246555
  0.12246555  0.12246555  0.12246555  0.12246555  0.12246555  0.12246555
  0.12246555  0.12246555  0.12246555  0.12246555  0.12246555  0.12246555
  0.12246555  0.12246555  0.12246555  0.12246555  0.12246555  0.12246555
  0.12246555  0.12246555  0.12246555  0.12246555  0.12246555  0.12246555
  0.12246555  0.12246555  0.12246555  0.12246555  0.12246555  0.12246555
  0.12246555  0.12246555  0.12246555  0.12246555  0.12246555  0.12246555
  0.12246555  0.12246555  0.12246555  0.12246555  0.12246555  0.12246555
  0.12246555  0.12246555  0.12246555  0.12246555  0.12246555  0.12246555
  0.12246555  0.12246555  0.12246555  0.12246555  0.12246555  0.12246555
  0.12246555  0.12246555  0.12246555  0.12246555  0.12246555  0.12246555
  0.12246555  0.12246555  0.12246555  0.12246555  0.12246555  0.12246555
  0.12246555  0.12246555  0.12246555  0.12246555  0.12246555  0.12246555
  0.12246555  0.12246555  0.12246555  0.12246555  0.12246555  0.12246555
  0.12246555  0.12246555  0.12246555  0.12246555  0.12246555  0.12246555
  0.12246555  0.12246555  0.12246555  0.12246555  0.12246555  0.12246555
  0.12246555  0.12246555  0.12246555  0.12246555  0.12246555  0.12246555
  0.12246555  0.12246555  0.12246555  0.12246555  0.12246555  0.12246555
  0.12246555  0.12246555  0.12246555  0.12246555  0.12246555  0.12246555
  0.12246555  0.12246555  0.12246555  0.12246555  0.12246555  0.12246555
  0.12246555  0.12246555  0.12246555  0.12246555  0.12246555  0.12246555
  0.12246555  0.12246555  0.12246555  0.12246555  0.12246555  0.12246555
  0.12246555  0.12246555  0.12246555  0.12246555  0.12246555  0.12246555
  0.12246555  0.12246555  0.12246555  0.12246555  0.12246555  0.12246555
  0.12246555  0.12246555  0.12246555  0.12246555  0.12246555  0.12246555
  0.12246555  0.12246555  0.12246555  0.12246555  0.12246555  0.12246555
  0.12246555  0.12246555  0.12246555  0.12246555  0.12246555  0.12246555
  0.12246555  0.12246555  0.12246555  0.12246555  0.12246555  0.12246555
  0.12246555  0.12246555  0.12246555  0.12246555  0.12246555  0.12246555
  0.12246555  0.12246555  0.12246555  0.12246555  0.12246555  0.12246555
  0.12246555  0.12246555  0.12246555  0.12246555  0.12246555  0.12246555
  0.12246555  0.12246555  0.12246555  0.12246555  0.12246555  0.12246555
  0.12246555  0.12246555  0.12246555  0.12246555  0.12246555  0.12246555
  0.12246555  0.12246555  0.12246555  0.12246555  0.12246555  0.12246555
  0.12246555  0.12246555  0.12246555  0.12246555  0.12246555  0.12246555
  0.12246555  0.12246555  0.12246555  0.12246555  0.12246555  0.12246555
  0.12246555  0.12246555  0.12246555  0.12246555  0.12246555  0.12246555
  0.12246555  0.12246555  0.12246555  0.12246555  0.12246555  0.12246555
  0.12246555  0.12246555  0.12246555  0.12246555  0.12246555  0.12246555
  0.12246555  0.12246555  0.12246555  0.12246555  0.12246555  0.12246555
  0.12246555  0.12246555  0.12246555  0.12246555  0.12246555  0.12246555
  0.12246555  0.12246555  0.12246555  0.12246555  0.12246555  0.12246555
  0.12246555  0.12246555  0.12246555  0.12246555  0.12246555  0.12246555
  0.12246555  0.12246555  0.12246555  0.12246555  0.12246555  0.12246555
  0.12246555  0.12246555  0.12246555  0.12246555  0.12246555  0.12246555
  0.12246555  0.12246555  0.12246555  0.12246555  0.12246555  0.12246555
  0.12246555  0.12246555  0.12246555  0.12246555  0.12246555  0.12246555
  0.12246555  0.12246555  0.12246555  0.12246555  0.12246555  0.12246555
  0.12246555  0.12246555  0.12246555  0.12246555],[ 0.26635747  0.26405279  0.25873786  0.25873786  0.25873786  0.27017744
  0.2758075   0.2746802   0.27292534  0.26991791  0.26870942  0.26490397
  0.25906963  0.26009779  0.26044916  0.25831495  0.26119101  0.26119101
  0.26648081  0.26648081  0.26648081  0.27947701  0.28126316  0.2808068
  0.28012643  0.27822504  0.28054319  0.2846375   0.28607996  0.28046293
  0.27710114  0.27761085  0.27536095  0.27314008  0.27515369  0.27513365
  0.26847087  0.26925971  0.26925971  0.26925971  0.27026135  0.27026135
  0.27026135  0.27026135  0.27677368  0.28022473  0.27532971  0.28038025
  0.28066507  0.28405005  0.28405005  0.28303853  0.28259425  0.28500984
  0.2802723   0.27561947  0.27399325  0.27868442  0.27868442  0.27868442
  0.28342534  0.28307595  0.28503935  0.28955649  0.28432131  0.28734422
  0.28734422  0.28734422  0.28998906  0.28885175  0.28604253  0.28604253
  0.28604253  0.28914612  0.29085705  0.29233515  0.2831774   0.28180102
  0.27831605  0.26804417  0.26804417  0.26660443  0.26459278  0.25865035
  0.18838716  0.18944089  0.18944089  0.18757194  0.1873069   0.18538908
  0.17829696  0.17829696  0.17874897  0.15945273  0.15441964  0.15434106
  0.15484328  0.154559    0.15283547  0.15020584  0.15020584  0.15020584
  0.15020584  0.15020584  0.15020584  0.15020584  0.14986409  0.15151485
  0.14462309  0.14052224  0.14052224  0.14185662  0.13929464  0.13829853
  0.13829853  0.13829853  0.13829853  0.13819912  0.13819912  0.13819912
  0.13819912  0.13819912  0.13819912  0.13819912  0.13819912  0.13819912
  0.13819912  0.13819912  0.13819912  0.13819912  0.13819912  0.13819912
  0.13819912  0.13819912  0.13819912  0.13819912  0.15340102  0.1510752
  0.15121003  0.14296985  0.14296985  0.14296985  0.14296985  0.14296985
  0.14707312  0.14707312  0.14707312  0.14707312  0.14707312  0.14707312
  0.14707312  0.14707312  0.14707312  0.14707312  0.14707312  0.14707312
  0.14707312  0.14707312  0.14707312  0.14707312  0.14707312  0.14707312
  0.14707312  0.14707312  0.14707312  0.14707312  0.14707312  0.14707312
  0.14707312  0.14707312  0.14707312  0.14707312  0.14707312  0.14707312
  0.14707312  0.14707312  0.14707312  0.14707312  0.14707312  0.14707312
  0.14707312  0.14707312  0.14707312  0.14707312  0.14707312  0.14707312
  0.14707312  0.14707312  0.14707312  0.14707312  0.14707312  0.14707312
  0.14707312  0.14707312  0.14707312  0.14707312  0.14707312  0.14707312
  0.14707312  0.14707312  0.14707312  0.14707312  0.14707312  0.14707312
  0.14707312  0.14707312  0.14707312  0.14707312  0.14707312  0.14707312
  0.14707312  0.14707312  0.14707312  0.14707312  0.14707312  0.14707312
  0.14707312  0.14707312  0.14707312  0.14707312  0.14707312  0.14707312
  0.14707312  0.14707312  0.14707312  0.14707312  0.14707312  0.14707312
  0.14707312  0.14707312  0.14707312  0.14707312  0.14707312  0.14707312
  0.14707312  0.14707312  0.14707312  0.14707312  0.14707312  0.14707312
  0.14707312  0.14707312  0.14707312  0.14707312  0.14707312  0.14707312
  0.14707312  0.14707312  0.14707312  0.14707312  0.14707312  0.14707312
  0.14707312  0.14707312  0.14707312  0.14707312  0.14707312  0.14707312
  0.14707312  0.14707312  0.14707312  0.14707312  0.14707312  0.14707312
  0.14707312  0.14707312  0.14707312  0.14707312  0.14707312  0.14707312
  0.14707312  0.14707312  0.14707312  0.14707312  0.14707312  0.14707312
  0.14707312  0.14707312  0.14707312  0.14707312  0.14707312  0.14707312
  0.14707312  0.14707312  0.14707312  0.14707312  0.14707312  0.14707312
  0.14707312  0.14707312  0.14707312  0.14707312  0.14707312  0.14707312
  0.14707312  0.14707312  0.14707312  0.14707312  0.14707312  0.14707312
  0.14707312  0.14707312  0.14707312  0.14707312  0.14707312  0.14707312
  0.14707312  0.14707312  0.14707312  0.14707312  0.14707312  0.14707312
  0.14707312  0.14707312  0.14707312  0.14707312  0.14707312  0.14707312
  0.14707312  0.14707312  0.14707312  0.14707312  0.14707312  0.14707312
  0.14707312  0.14707312  0.14707312  0.14707312  0.14707312  0.14707312
  0.14707312  0.14707312  0.14707312  0.14707312  0.14707312  0.14707312
  0.14707312  0.14707312  0.14707312  0.14707312  0.14707312  0.14707312
  0.14707312  0.14707312  0.14707312  0.14707312  0.14707312  0.14707312
  0.14707312  0.14707312  0.14707312  0.14707312  0.14707312  0.14707312
  0.14707312  0.14707312  0.14707312  0.14707312  0.14707312  0.14707312
  0.14707312  0.14707312  0.14707312  0.14707312  0.14707312  0.14707312
  0.14707312  0.14707312  0.14707312  0.14707312  0.14707312  0.14707312
  0.14707312  0.14707312  0.14707312  0.14707312  0.14707312  0.14707312
  0.14707312  0.14707312  0.14707312  0.14707312  0.14707312  0.14707312
  0.14707312  0.14707312  0.14707312  0.14707312  0.14707312  0.14707312
  0.14707312  0.14707312  0.14707312  0.14707312  0.14707312  0.14707312
  0.14707312  0.14707312  0.14707312  0.14707312  0.14707312  0.14707312
  0.14707312  0.14707312  0.14707312  0.14707312  0.14707312  0.14707312
  0.14707312  0.14707312  0.14707312  0.14707312  0.14707312  0.14707312
  0.14707312  0.14707312  0.14707312  0.14707312  0.14707312  0.14707312
  0.14707312  0.14707312  0.14707312  0.14707312  0.14707312  0.14707312
  0.14707312  0.14707312  0.14707312  0.14707312  0.14707312  0.14707312
  0.14707312  0.14707312  0.14707312  0.14707312  0.14707312  0.14707312
  0.14707312  0.14707312  0.14707312  0.14707312  0.14707312  0.14707312
  0.14707312  0.14707312  0.14707312  0.14707312  0.14707312  0.14707312
  0.14707312  0.14707312  0.14707312  0.14707312  0.14707312  0.14707312
  0.14707312  0.14707312  0.14707312  0.14707312  0.14707312  0.14707312
  0.14707312  0.14707312  0.14707312  0.14707312  0.14707312  0.14707312
  0.14707312  0.14707312  0.14707312  0.14707312  0.14707312  0.14707312
  0.14707312  0.14707312  0.14707312  0.14707312  0.14707312  0.14707312
  0.14707312  0.14707312  0.14707312  0.14707312  0.14707312  0.14707312
  0.14707312  0.14707312  0.14707312  0.14707312  0.14707312  0.14707312
  0.14707312  0.14707312  0.14707312  0.14707312  0.14707312  0.14707312
  0.14707312  0.14707312  0.14707312  0.14707312  0.14707312  0.14707312
  0.14707312  0.14707312  0.14707312  0.14707312  0.14707312  0.14707312
  0.14707312  0.14707312  0.14707312  0.14707312  0.14707312  0.14707312
  0.14707312  0.14707312  0.14707312  0.14707312  0.14707312  0.14707312
  0.14707312  0.14707312  0.14707312  0.14707312  0.15151681  0.15151681
  0.15175907  0.15175907  0.15175907  0.15175907  0.15175907  0.15175907
  0.15175907  0.15175907  0.15175907  0.15175907  0.15175907  0.15175907
  0.15175907  0.15175907  0.15175907  0.15175907  0.15175907  0.15175907
  0.15175907  0.15175907  0.15175907  0.15175907  0.15175907  0.15175907
  0.15175907  0.15175907  0.15175907  0.15175907  0.15175907  0.15175907
  0.15175907  0.15175907  0.15175907  0.15175907  0.15175907  0.15175907
  0.15175907  0.15175907  0.15175907  0.15175907  0.15175907  0.15175907
  0.15175907  0.15175907  0.15175907  0.15175907  0.15175907  0.15175907
  0.15175907  0.15175907  0.15175907  0.15175907  0.15175907  0.15175907
  0.15175907  0.15175907  0.15175907  0.15175907  0.15175907  0.15175907
  0.15175907  0.15175907  0.15175907  0.15175907  0.15175907  0.15175907
  0.15175907  0.15175907  0.15175907  0.15175907  0.15175907  0.15175907
  0.15175907  0.15175907  0.15175907  0.15175907  0.15175907  0.15175907
  0.15175907  0.15175907  0.15175907  0.15175907  0.15175907  0.15175907
  0.15175907  0.15175907  0.15175907  0.15175907  0.15175907  0.15175907
  0.15175907  0.15175907  0.15175907  0.15175907  0.15175907  0.15175907
  0.15175907  0.15175907  0.15175907  0.15175907  0.15175907  0.15175907
  0.15175907  0.15175907  0.15175907  0.15175907  0.15175907  0.15175907
  0.15175907  0.15175907  0.15175907  0.15175907  0.15175907  0.15175907
  0.15175907  0.15175907  0.15175907  0.15175907  0.15175907  0.15175907
  0.15175907  0.15175907  0.15175907  0.15175907  0.15175907  0.15175907
  0.15175907  0.15175907  0.15175907  0.15175907  0.15175907  0.15175907
  0.15175907  0.15175907  0.15175907  0.15175907  0.15175907  0.15175907
  0.15175907  0.15175907  0.15175907  0.15175907  0.15175907  0.15175907
  0.15175907  0.15175907  0.15175907  0.15175907  0.15175907  0.15175907
  0.15175907  0.15175907  0.15175907  0.15175907  0.15175907  0.15175907
  0.15175907  0.15175907  0.15175907  0.15175907  0.15175907  0.15175907
  0.16884668  0.16641338  0.16641338  0.16641338  0.17017693  0.16852122
  0.16298365  0.16569215  0.16444589  0.17102007  0.17444904  0.1710182
  0.1728419   0.1646789   0.15957695  0.15804813  0.1595298   0.1610342
  0.1610342   0.1610342   0.1610342   0.1610342   0.1610342   0.1610342
  0.1610342   0.1610342   0.18333528  0.18035405  0.1800229   0.18236776
  0.17965229  0.17433235  0.17433235  0.1737418   0.17097822  0.17097822
  0.17097822  0.16775909  0.17117155  0.16596222  0.15773605  0.15681653
  0.15647459  0.15814203  0.15977219  0.15977219  0.1566454   0.1560801
  0.15855531  0.15755255  0.15833173  0.15764165  0.15764165  0.16373003
  0.15826731  0.15620729  0.15463691  0.15386587  0.15386587  0.15678965
  0.15678965  0.15678965  0.15678965  0.15678965  0.15678965  0.16867107
  0.16732287  0.16487401  0.16487401  0.16487401  0.16487401  0.16487401
  0.16487401  0.16487401  0.16487401  0.16487401  0.16487401  0.16487401
  0.16487401  0.16487401  0.16487401  0.16487401  0.16487401  0.16487401
  0.16487401  0.16487401  0.16487401  0.16487401  0.16487401  0.16487401
  0.16487401  0.16487401  0.16487401  0.16487401  0.16487401  0.16487401
  0.16487401  0.16487401  0.16487401  0.16487401  0.16487401  0.16487401
  0.16487401  0.16487401  0.16487401  0.16487401  0.16487401  0.16487401
  0.16487401  0.16487401  0.16487401  0.16487401  0.16487401  0.16487401
  0.16487401  0.16487401  0.16487401  0.16487401  0.16487401  0.16487401
  0.16487401  0.16487401  0.16487401  0.16487401  0.16487401  0.16487401
  0.16487401  0.16487401  0.16487401  0.16487401  0.16487401  0.16487401
  0.16487401  0.16487401  0.16487401  0.16487401  0.16487401  0.16487401
  0.16487401  0.16487401  0.16487401  0.16487401  0.16487401  0.16487401
  0.16487401  0.16487401  0.16487401  0.16487401  0.16487401  0.16487401
  0.16487401  0.16487401  0.16487401  0.16487401  0.16487401  0.16487401
  0.16487401  0.16487401  0.16487401  0.16487401  0.16487401  0.16487401
  0.16487401  0.16487401  0.16487401  0.16487401  0.16487401  0.16487401
  0.16487401  0.16487401  0.16487401  0.16487401  0.16487401  0.16487401
  0.16487401  0.16487401  0.16487401  0.16487401  0.16487401  0.16487401
  0.16487401  0.16487401  0.16487401  0.16487401  0.16487401  0.16487401
  0.16487401  0.16487401  0.16487401  0.16487401  0.16487401  0.16487401
  0.16487401  0.16487401  0.16487401  0.16487401  0.16487401  0.16487401
  0.16487401  0.16487401  0.16487401  0.16487401  0.16487401  0.16487401
  0.16487401  0.16487401  0.16487401  0.16487401  0.16487401  0.16487401
  0.16487401  0.16487401  0.16487401  0.16487401  0.16487401  0.16487401
  0.16487401  0.16487401  0.16487401  0.16487401  0.16487401  0.16487401
  0.16487401  0.16487401  0.16487401  0.16487401  0.16487401  0.16487401
  0.16487401  0.16487401  0.16487401  0.16487401  0.16487401  0.16487401
  0.16487401  0.16487401  0.16487401  0.16487401  0.16487401  0.16487401
  0.16487401  0.16487401  0.16487401  0.16487401  0.16487401  0.16487401
  0.16487401  0.16487401  0.16487401  0.16487401  0.16487401  0.16487401
  0.16487401  0.16487401  0.16487401  0.16487401  0.16487401  0.16487401
  0.16487401  0.16487401  0.16487401  0.16487401  0.16487401  0.16487401
  0.16487401  0.16487401  0.16487401  0.16487401  0.16487401  0.16487401
  0.16487401  0.16487401  0.16487401  0.16487401  0.16487401  0.16487401
  0.16487401  0.16487401  0.16487401  0.16487401  0.16487401  0.16487401
  0.18403427  0.18378968  0.18203859  0.17924208  0.17989881  0.16579937
  0.16579937  0.1646992   0.16650774  0.16373854  0.16233061  0.16332544
  0.16206927  0.1613621   0.1613621   0.16397223  0.16102761  0.15879906
  0.15537939  0.15306419  0.15306419  0.15320107  0.15320107  0.15304688
  0.15105537  0.15463054  0.15463054  0.15807691],