[ 0.25475755  0.22442063  0.22442063  0.22442063  0.22442063  0.22442063
  0.22442063  0.21145397  0.2029717   0.2029717   0.2029717   0.2029717
  0.2029717   0.19197132  0.19197132  0.19197132  0.19197132  0.19197132
  0.19197132  0.19197132  0.19197132  0.19197132  0.19197132  0.19197132
  0.19197132  0.19197132  0.19197132  0.19197132  0.19197132  0.19197132
  0.19197132  0.19197132  0.19197132  0.19197132  0.19197132  0.19197132
  0.19197132  0.19197132  0.19197132  0.19197132  0.19197132  0.19197132
  0.19197132  0.19197132  0.19197132  0.19197132  0.19197132  0.19197132
  0.19197132  0.19197132  0.19197132  0.19197132  0.19197132  0.19197132
  0.19197132  0.19197132  0.19197132  0.19197132  0.19197132  0.19197132
  0.19197132  0.19197132  0.19197132  0.19197132  0.19197132  0.19197132
  0.19197132  0.19197132  0.19197132  0.19197132  0.19197132  0.19197132
  0.19197132  0.19197132  0.19197132  0.19197132  0.19197132  0.19197132
  0.19197132  0.19197132  0.19197132  0.19197132  0.19197132  0.19197132
  0.19197132  0.19197132  0.19197132  0.19197132  0.19197132  0.19197132
  0.19197132  0.18819307  0.18819307  0.18585828  0.1782132   0.1782132
  0.17741957  0.17741957  0.17741957  0.17741957  0.17741957  0.17741957
  0.17741957  0.17741957  0.17741957  0.17741957  0.17741957  0.17741957
  0.17741957  0.17741957  0.17741957  0.17741957  0.17741957  0.17741957
  0.17741957  0.17741957  0.17741957  0.17741957  0.17741957  0.17741957
  0.17741957  0.17741957  0.17741957  0.17741957  0.17741957  0.17741957
  0.17741957  0.17741957  0.17741957  0.17741957  0.17741957  0.17741957
  0.17741957  0.17741957  0.17741957  0.17741957  0.17741957  0.17741957
  0.17741957  0.17741957  0.17741957  0.17741957  0.17741957  0.17741957
  0.17741957  0.17741957  0.17741957  0.17741957  0.17741957  0.17741957
  0.17741957  0.17741957  0.17741957  0.17741957  0.17741957  0.17741957
  0.17741957  0.17741957  0.17741957  0.17741957  0.17741957  0.17741957
  0.17741957  0.17741957  0.17741957  0.17741957  0.17741957  0.17741957
  0.17741957  0.17741957  0.17741957  0.17741957  0.17741957  0.17741957
  0.17741957  0.17741957  0.17741957  0.17741957  0.17741957  0.17741957
  0.17741957  0.17741957  0.17741957  0.17741957  0.17741957  0.17741957
  0.17741957  0.17741957  0.17741957  0.17741957  0.17741957  0.17741957
  0.17741957  0.17741957  0.17741957  0.17741957  0.17741957  0.17741957
  0.17741957  0.17741957  0.17741957  0.17741957  0.17741957  0.17741957
  0.17741957  0.17741957  0.17741957  0.17741957  0.17741957  0.16832349
  0.16832349  0.16832349  0.16832349  0.16832349  0.16832349  0.16832349
  0.16644526  0.15702061  0.15091216  0.15091216  0.15091216  0.15091216
  0.15091216  0.15091216  0.15091216  0.15091216  0.15091216  0.15091216
  0.15091216  0.15091216  0.15091216  0.15091216  0.15091216  0.15091216
  0.15091216  0.15091216  0.15091216  0.15091216  0.15091216  0.15091216
  0.15091216  0.15091216  0.09536443  0.08795598  0.08828164  0.08785894
  0.09253819  0.09253819  0.09883234  0.09883234  0.09883234  0.09883234
  0.09883234  0.09883234  0.09883234  0.09883234  0.09883234  0.09883234
  0.09883234  0.09883234  0.09883234  0.09883234  0.09883234  0.09883234
  0.09883234  0.09883234  0.09883234  0.09883234  0.09883234  0.09883234
  0.09883234  0.09883234  0.09883234  0.09883234  0.09883234  0.09883234
  0.09883234  0.09883234  0.09883234  0.09883234  0.09883234  0.09883234
  0.09883234  0.09883234  0.09883234  0.09883234  0.09883234  0.09883234
  0.09883234  0.09883234  0.09883234  0.09883234  0.09883234  0.09883234
  0.09883234  0.09883234  0.09883234  0.09883234  0.09883234  0.09883234
  0.09883234  0.09883234  0.09883234  0.09883234  0.09883234  0.09883234
  0.09883234  0.09883234  0.09883234  0.09883234  0.09883234  0.09883234
  0.09883234  0.09883234  0.09883234  0.09883234  0.09883234  0.09883234
  0.09883234  0.09883234  0.09883234  0.09883234  0.09883234  0.09883234
  0.09883234  0.09883234  0.09883234  0.09883234  0.09883234  0.09883234
  0.09883234  0.09883234  0.09883234  0.09883234  0.09883234  0.09883234
  0.09883234  0.09883234  0.09883234  0.09883234  0.09883234  0.09883234
  0.09883234  0.09883234  0.09883234  0.09883234  0.09883234  0.09883234
  0.09883234  0.09883234  0.09883234  0.09883234  0.09883234  0.09883234
  0.09883234  0.09883234  0.09883234  0.09883234  0.09883234  0.09883234
  0.09883234  0.09883234  0.09883234  0.09883234  0.09883234  0.09883234
  0.09883234  0.09883234  0.09883234  0.09883234  0.09883234  0.09883234
  0.09883234  0.09883234  0.09883234  0.09883234  0.09883234  0.09883234
  0.09883234  0.09883234  0.09883234  0.09883234  0.09883234  0.09883234
  0.09883234  0.09883234  0.09883234  0.09883234  0.09883234  0.09883234
  0.09883234  0.09883234  0.09883234  0.09883234  0.09883234  0.09883234
  0.09883234  0.09883234  0.09883234  0.09883234  0.09883234  0.09883234
  0.09883234  0.09883234  0.09883234  0.09883234  0.09883234  0.09883234
  0.09883234  0.09883234  0.09883234  0.09883234  0.09883234  0.09883234
  0.09883234  0.09883234  0.09883234  0.09883234  0.09883234  0.09883234
  0.09883234  0.09883234  0.09883234  0.09883234  0.09883234  0.09883234
  0.09883234  0.09883234  0.09883234  0.09883234  0.09883234  0.09883234
  0.09883234  0.09883234  0.09883234  0.09883234  0.09883234  0.09883234
  0.09883234  0.09883234  0.09883234  0.09883234  0.09883234  0.09883234
  0.09883234  0.09883234  0.09883234  0.09883234  0.09883234  0.09883234
  0.09883234  0.09883234  0.09883234  0.09883234  0.09883234  0.09883234
  0.09883234  0.09883234  0.09883234  0.09883234  0.09883234  0.09883234
  0.09883234  0.09883234  0.09883234  0.09883234  0.09883234  0.09883234
  0.09883234  0.09883234  0.09883234  0.09883234  0.09883234  0.09883234
  0.09883234  0.09883234  0.09883234  0.09883234  0.09883234  0.09883234
  0.09883234  0.09883234  0.09883234  0.09883234  0.09883234  0.09883234
  0.09883234  0.09883234  0.09883234  0.09883234  0.09883234  0.09883234
  0.09883234  0.09883234  0.09883234  0.09883234  0.09883234  0.09883234
  0.09883234  0.09883234  0.09883234  0.09883234  0.09883234  0.09883234
  0.09883234  0.09883234  0.09883234  0.09883234  0.09883234  0.09883234
  0.09883234  0.09883234  0.09883234  0.09883234  0.09883234  0.09883234
  0.09883234  0.09883234  0.09883234  0.09883234  0.09883234  0.09883234
  0.09883234  0.09883234  0.09883234  0.09883234  0.09883234  0.09883234
  0.09883234  0.09883234  0.09883234  0.09883234  0.09883234  0.09883234
  0.09883234  0.09883234  0.09883234  0.09883234  0.09883234  0.09883234
  0.09883234  0.09883234  0.09883234  0.09883234  0.09883234  0.09883234
  0.09883234  0.09883234  0.09883234  0.09883234  0.09883234  0.09883234
  0.09883234  0.09883234  0.09883234  0.09883234  0.09883234  0.09883234
  0.09883234  0.09883234  0.09883234  0.09883234  0.09883234  0.09883234
  0.09883234  0.09883234  0.09883234  0.09883234  0.09883234  0.09883234
  0.09883234  0.09883234  0.09883234  0.09883234  0.09883234  0.09883234
  0.09883234  0.09883234  0.09883234  0.09883234  0.09883234  0.09883234
  0.09883234  0.09883234  0.09883234  0.09883234  0.09883234  0.09883234
  0.09883234  0.09883234  0.09883234  0.09883234  0.09883234  0.09883234
  0.09883234  0.09883234  0.09883234  0.09883234  0.09883234  0.09883234
  0.09883234  0.09883234  0.09883234  0.09883234  0.09883234  0.09883234
  0.09883234  0.09883234  0.09883234  0.09883234  0.09883234  0.09883234
  0.09883234  0.09883234  0.09883234  0.09883234  0.09883234  0.09883234
  0.09883234  0.09883234  0.09883234  0.09883234  0.09883234  0.09883234
  0.09883234  0.09883234  0.09883234  0.09883234  0.09883234  0.09883234
  0.09883234  0.09883234  0.09883234  0.09883234  0.09883234  0.09883234
  0.09883234  0.09883234  0.09883234  0.09883234  0.09883234  0.09883234
  0.09883234  0.09883234  0.09883234  0.09883234  0.09883234  0.09883234
  0.09883234  0.09883234  0.09883234  0.09883234  0.09883234  0.09883234
  0.09883234  0.09883234  0.09883234  0.09883234  0.09883234  0.09883234
  0.09883234  0.09883234  0.09883234  0.09883234  0.09883234  0.09883234
  0.09883234  0.09883234  0.09883234  0.09883234  0.09883234  0.09883234
  0.09883234  0.09883234  0.09883234  0.09883234  0.09883234  0.09883234
  0.09883234  0.09883234  0.09883234  0.09883234  0.09883234  0.09883234
  0.09883234  0.09883234  0.09883234  0.09883234  0.09883234  0.09883234
  0.09883234  0.09883234  0.09883234  0.09883234  0.09883234  0.09883234
  0.09883234  0.09883234  0.09883234  0.09883234  0.09883234  0.09883234
  0.09883234  0.09883234  0.09883234  0.09883234  0.09883234  0.09883234
  0.09883234  0.09883234  0.09883234  0.09883234  0.09883234  0.09883234
  0.09883234  0.09883234  0.09883234  0.09883234  0.09883234  0.09883234
  0.09883234  0.09883234  0.09883234  0.09883234  0.09883234  0.09883234
  0.09883234  0.09883234  0.09883234  0.09883234  0.09883234  0.09883234
  0.09883234  0.09883234  0.09883234  0.09883234  0.09883234  0.09883234
  0.09883234  0.09883234  0.09883234  0.09883234  0.09883234  0.09883234
  0.09883234  0.09883234  0.09883234  0.09883234  0.09883234  0.09883234
  0.09883234  0.09883234  0.09883234  0.09883234  0.09883234  0.09883234
  0.09883234  0.09883234  0.09883234  0.09883234  0.09883234  0.09883234
  0.09883234  0.09883234  0.09883234  0.09883234  0.09883234  0.09883234
  0.09883234  0.09883234  0.09883234  0.09883234  0.09883234  0.09883234
  0.09883234  0.09883234  0.09883234  0.09883234  0.09883234  0.09883234
  0.09883234  0.09883234  0.09883234  0.09883234  0.09883234  0.09883234
  0.09883234  0.09883234  0.09883234  0.09883234  0.09883234  0.09883234
  0.09883234  0.09883234  0.09883234  0.09883234  0.09883234  0.09883234
  0.09883234  0.09883234  0.09883234  0.09883234  0.09883234  0.09883234
  0.09883234  0.09883234  0.09883234  0.09883234  0.09883234  0.09883234
  0.09883234  0.09883234  0.09883234  0.09883234  0.09883234  0.09883234
  0.09883234  0.09883234  0.09883234  0.09883234  0.09883234  0.09883234
  0.09883234  0.09883234  0.09883234  0.09883234  0.09883234  0.09883234
  0.09883234  0.09883234  0.09883234  0.09883234  0.09883234  0.09883234
  0.09883234  0.09883234  0.09883234  0.09883234  0.09883234  0.09883234
  0.09883234  0.09883234  0.09883234  0.09883234  0.09883234  0.09883234
  0.09883234  0.09883234  0.09883234  0.09883234  0.09883234  0.09883234
  0.09883234  0.09883234  0.09883234  0.09883234  0.09883234  0.09883234
  0.09883234  0.09883234  0.09883234  0.09883234  0.09883234  0.09883234
  0.09883234  0.09883234  0.09883234  0.09883234  0.05331414  0.05331414
  0.05331414  0.05331414  0.05331414  0.047285    0.047285    0.047285
  0.047285    0.047285    0.047285    0.047285    0.047285    0.047285
  0.047285    0.047285    0.047285    0.047285    0.047285    0.047285
  0.047285    0.047285    0.047285    0.047285    0.047285    0.047285
  0.047285    0.047285    0.047285    0.047285    0.047285    0.047285
  0.047285    0.047285    0.047285    0.047285    0.047285    0.047285
  0.047285    0.047285    0.047285    0.047285    0.047285    0.047285
  0.047285    0.047285    0.047285    0.047285    0.047285    0.047285
  0.047285    0.047285    0.047285    0.047285    0.047285    0.047285
  0.047285    0.047285    0.047285    0.047285    0.047285    0.047285
  0.047285    0.047285    0.047285    0.047285    0.047285    0.047285
  0.047285    0.047285    0.047285    0.047285    0.047285    0.047285
  0.047285    0.047285    0.047285    0.047285    0.047285    0.047285
  0.047285    0.047285    0.047285    0.047285    0.047285    0.047285
  0.047285    0.047285    0.047285    0.047285    0.047285    0.047285
  0.047285    0.047285    0.047285    0.047285    0.047285    0.047285
  0.047285    0.047285    0.047285    0.047285    0.047285    0.047285
  0.047285    0.047285    0.047285    0.047285    0.047285    0.047285
  0.047285    0.047285    0.047285    0.047285    0.047285    0.047285
  0.047285    0.047285    0.047285    0.047285    0.047285    0.047285
  0.047285    0.047285    0.047285    0.047285    0.047285    0.047285
  0.047285    0.047285    0.047285    0.047285  ],
[ 0.23033618  0.21782435  0.21782435  0.19473033  0.19473033  0.19473033
  0.19658734  0.19658734  0.19658734  0.19658734  0.19658734  0.19658734
  0.19658734  0.19658734  0.19658734  0.19658734  0.19658734  0.19658734
  0.19658734  0.19658734  0.19658734  0.19658734  0.19658734  0.19658734
  0.19658734  0.19658734  0.19658734  0.19658734  0.19658734  0.19658734
  0.19658734  0.19658734  0.19658734  0.19658734  0.19658734  0.19658734
  0.19658734  0.19658734  0.19658734  0.19658734  0.19658734  0.19658734
  0.19658734  0.19658734  0.19658734  0.19658734  0.2007288   0.1940142
  0.18457004  0.18138966  0.18138966  0.1700202   0.17344343  0.18006469
  0.17437541  0.1606218   0.14867216  0.14196419  0.13446384  0.13446384
  0.13545755  0.12079342  0.12579099  0.12912027  0.12579099  0.12579099
  0.12579099  0.12579099  0.12579099  0.12579099  0.12579099  0.12579099
  0.12579099  0.12579099  0.12835166  0.1207995   0.1207995   0.11176796
  0.10702408  0.10805001  0.10805001  0.10354944  0.10354944  0.10354944
  0.10354944  0.10354944  0.10354944  0.10354944  0.10354944  0.10354944
  0.10354944  0.10354944  0.10354944  0.10354944  0.10354944  0.10354944
  0.10354944  0.10354944  0.10354944  0.10354944  0.10354944  0.10354944
  0.10354944  0.10354944  0.10354944  0.10055311  0.09871759  0.09871759
  0.1050969   0.10592808  0.10592808  0.10592808  0.078332    0.078332
  0.078332    0.078332    0.078332    0.06648979  0.06648979  0.06648979
  0.06648979  0.065324    0.05902054  0.05923185  0.06117158  0.06114881
  0.0484856   0.0484856   0.0484856   0.0484856   0.0484856   0.0484856
  0.0484856   0.0484856   0.0484856   0.0484856   0.0484856   0.0484856
  0.0484856   0.0484856   0.0484856   0.0484856   0.0484856   0.0484856
  0.0484856   0.0484856   0.0484856   0.0484856   0.0484856   0.0484856
  0.0484856   0.0484856   0.0484856   0.0484856   0.0484856   0.0484856
  0.0484856   0.0484856   0.0484856   0.0484856   0.0484856   0.0484856
  0.0484856   0.0484856   0.0484856   0.0484856   0.0484856   0.0484856
  0.0484856   0.0484856   0.0484856   0.0484856   0.0484856   0.0484856
  0.0484856   0.0484856   0.0484856   0.0484856   0.0484856   0.0484856
  0.0484856   0.0484856   0.0484856   0.0484856   0.0484856   0.0484856
  0.0484856   0.0484856   0.0484856   0.0484856   0.0484856   0.0484856
  0.0484856   0.0484856   0.0484856   0.0484856   0.0484856   0.0484856
  0.0484856   0.0484856   0.0484856   0.0484856   0.0484856   0.0484856
  0.0484856   0.0484856   0.0484856   0.0484856   0.0484856   0.0484856
  0.0484856   0.0484856   0.0484856   0.0484856   0.0484856   0.0484856
  0.0484856   0.0484856   0.0484856   0.0484856   0.0484856   0.0484856
  0.0484856   0.0484856   0.0484856   0.0484856   0.0484856   0.0484856
  0.0484856   0.0484856   0.0484856   0.0484856   0.0484856   0.0484856
  0.0484856   0.0484856   0.0484856   0.0484856   0.0484856   0.0484856
  0.0484856   0.0484856   0.0484856   0.0484856   0.0484856   0.0484856
  0.0484856   0.0484856   0.0484856   0.0484856   0.0484856   0.0484856
  0.0484856   0.0484856   0.0484856   0.0484856   0.0484856   0.0484856
  0.0484856   0.0484856   0.0484856   0.0484856   0.0484856   0.0484856
  0.0484856   0.0484856   0.0484856   0.0484856   0.0484856   0.0484856
  0.0484856   0.0484856   0.0484856   0.0484856   0.0484856   0.0484856
  0.0484856   0.0484856   0.0484856   0.0484856   0.0484856   0.0484856
  0.0484856   0.0484856   0.0484856   0.0484856   0.0484856   0.0484856
  0.0484856   0.0484856   0.0484856   0.0484856   0.0484856   0.0484856
  0.0484856   0.0484856   0.0484856   0.0484856   0.0484856   0.0484856
  0.0484856   0.0484856   0.0484856   0.0484856   0.0484856   0.0484856
  0.0484856   0.0484856   0.0484856   0.0484856   0.0484856   0.0484856
  0.0484856   0.0484856   0.0484856   0.0484856   0.0484856   0.0484856
  0.0484856   0.0484856   0.0484856   0.0484856   0.0484856   0.0484856
  0.0484856   0.0484856   0.0484856   0.0484856   0.0484856   0.0484856
  0.0484856   0.0484856   0.0484856   0.0484856   0.0484856   0.0484856
  0.0484856   0.0484856   0.0484856   0.0484856   0.0484856   0.0484856
  0.0484856   0.0484856   0.0484856   0.0484856   0.0484856   0.0484856
  0.0484856   0.0484856   0.0484856   0.0484856   0.0484856   0.0484856
  0.0484856   0.0484856   0.0484856   0.0484856   0.0484856   0.0484856
  0.0484856   0.0484856   0.0484856   0.0484856   0.0484856   0.0484856
  0.0484856   0.0484856   0.0484856   0.0484856   0.0484856   0.0484856
  0.0484856   0.0484856   0.0484856   0.0484856   0.0484856   0.0484856
  0.0484856   0.0484856   0.0484856   0.0484856   0.0484856   0.0484856
  0.0484856   0.0484856   0.0484856   0.0484856   0.0484856   0.0484856
  0.0484856   0.0484856   0.0484856   0.0484856   0.0484856   0.0484856
  0.0484856   0.0484856   0.0484856   0.0484856   0.0484856   0.0484856
  0.0484856   0.0484856   0.0484856   0.0484856   0.0484856   0.0484856
  0.0484856   0.0484856   0.0484856   0.0484856   0.0484856   0.0484856
  0.0484856   0.0484856   0.0484856   0.0484856   0.0484856   0.0484856
  0.0484856   0.0484856   0.0484856   0.0484856   0.0484856   0.0484856
  0.0484856   0.0484856   0.0484856   0.0484856   0.0484856   0.0484856
  0.0484856   0.0484856   0.0484856   0.0484856   0.0484856   0.0484856
  0.0484856   0.0484856   0.0484856   0.0484856   0.0484856   0.0484856
  0.0484856   0.0484856   0.0484856   0.0484856   0.0484856   0.0484856
  0.0484856   0.0484856   0.0484856   0.0484856   0.0484856   0.0484856
  0.0484856   0.0484856   0.0484856   0.0484856   0.0484856   0.0484856
  0.0484856   0.0484856   0.0484856   0.0484856   0.0484856   0.0484856
  0.0484856   0.0484856   0.0484856   0.0484856   0.0484856   0.0484856
  0.0484856   0.0484856   0.0484856   0.0484856   0.0484856   0.0484856
  0.0484856   0.0484856   0.0484856   0.0484856   0.0484856   0.0484856
  0.0484856   0.0484856   0.0484856   0.0484856   0.0484856   0.0484856
  0.0484856   0.0484856   0.0484856   0.0484856   0.0484856   0.0484856
  0.0484856   0.0484856   0.0484856   0.0484856   0.0484856   0.0484856
  0.0484856   0.0484856   0.0484856   0.0484856   0.0484856   0.0484856
  0.0484856   0.0484856   0.0484856   0.0484856   0.0484856   0.0484856
  0.0484856   0.0484856   0.0484856   0.0484856   0.0484856   0.0484856
  0.0484856   0.0484856   0.0484856   0.0484856   0.0484856   0.0484856
  0.0484856   0.0484856   0.0484856   0.0484856   0.0484856   0.0484856
  0.0484856   0.0484856   0.0484856   0.0484856   0.0484856   0.0484856
  0.0484856   0.0484856   0.0484856   0.0484856   0.0484856   0.0484856
  0.0484856   0.0484856   0.0484856   0.0484856   0.0484856   0.0484856
  0.0484856   0.0484856   0.0484856   0.0484856   0.0484856   0.0484856
  0.0484856   0.0484856   0.0484856   0.0484856   0.0484856   0.0484856
  0.0484856   0.0484856   0.0484856   0.0484856   0.0484856   0.0484856
  0.0484856   0.0484856   0.0484856   0.0484856   0.0484856   0.0484856
  0.0484856   0.0484856   0.0484856   0.0484856   0.0484856   0.0484856
  0.0484856   0.0484856   0.0484856   0.0484856   0.0484856   0.0484856
  0.0484856   0.0484856   0.0484856   0.0484856   0.0484856   0.0484856
  0.0484856   0.0484856   0.0484856   0.0484856   0.0484856   0.0484856
  0.0484856   0.0484856   0.0484856   0.0484856   0.0484856   0.0484856
  0.0484856   0.0484856   0.0484856   0.0484856   0.0484856   0.0484856
  0.0484856   0.0484856   0.0484856   0.0484856   0.0484856   0.0484856
  0.0484856   0.0484856   0.0484856   0.0484856   0.0484856   0.0484856
  0.0484856   0.0484856   0.0484856   0.0484856   0.0484856   0.0484856
  0.0484856   0.0484856   0.0484856   0.0484856   0.0484856   0.0484856
  0.0484856   0.0484856   0.0484856   0.0484856   0.0484856   0.0484856
  0.0484856   0.0484856   0.0484856   0.0484856   0.0484856   0.0484856
  0.0484856   0.0484856   0.0484856   0.0484856   0.0484856   0.0484856
  0.0484856   0.0484856   0.0484856   0.0484856   0.0484856   0.0484856
  0.0484856   0.0484856   0.0484856   0.0484856   0.0484856   0.0484856
  0.0484856   0.0484856   0.0484856   0.0484856   0.0484856   0.0484856
  0.0484856   0.0484856   0.0484856   0.0484856   0.0484856   0.0484856
  0.0484856   0.0484856   0.0484856   0.0484856   0.0484856   0.0484856
  0.0484856   0.0484856   0.0484856   0.0484856   0.0484856   0.0484856
  0.0484856   0.0484856   0.0484856   0.0484856   0.0484856   0.0484856
  0.0484856   0.0484856   0.0484856   0.0484856   0.0484856   0.0484856
  0.0484856   0.0484856   0.0484856   0.0484856   0.0484856   0.0484856
  0.0484856   0.0484856   0.0484856   0.0484856   0.0484856   0.0484856
  0.0484856   0.0484856   0.0484856   0.0484856   0.0484856   0.0484856
  0.0484856   0.0484856   0.0484856   0.0484856   0.0484856   0.0484856
  0.0484856   0.0484856   0.0484856   0.0484856   0.0484856   0.0484856
  0.0484856   0.0484856   0.0484856   0.0484856   0.0484856   0.0484856
  0.0484856   0.0484856   0.0484856   0.0484856   0.0484856   0.0484856
  0.0484856   0.0484856   0.0484856   0.0484856   0.0484856   0.0484856
  0.0484856   0.0484856   0.0484856   0.0484856   0.0484856   0.0484856
  0.0484856   0.0484856   0.0484856   0.0484856   0.0484856   0.0484856
  0.0484856   0.0484856   0.0484856   0.0484856   0.0484856   0.0484856
  0.0484856   0.0484856   0.0484856   0.0484856   0.0484856   0.0484856
  0.0484856   0.0484856   0.0484856   0.0484856   0.0484856   0.0484856
  0.0484856   0.0484856   0.0484856   0.0484856   0.0484856   0.0484856
  0.0484856   0.0484856   0.0484856   0.0484856   0.0484856   0.0484856
  0.0484856   0.0484856   0.0484856   0.0484856   0.0484856   0.0484856
  0.0484856   0.0484856   0.0484856   0.0484856   0.0484856   0.0484856
  0.0484856   0.0484856   0.0484856   0.0484856   0.0484856   0.0484856
  0.0484856   0.0484856   0.0484856   0.0484856   0.0484856   0.0484856
  0.0484856   0.0484856   0.0484856   0.0484856   0.0484856   0.0484856
  0.0484856   0.0484856   0.0484856   0.0484856   0.0484856   0.0484856
  0.0484856   0.0484856   0.0484856   0.0484856   0.0484856   0.0484856
  0.0484856   0.0484856   0.0484856   0.0484856   0.0484856   0.0484856
  0.0484856   0.0484856   0.0484856   0.0484856   0.0484856   0.0484856
  0.0484856   0.0484856   0.0484856   0.0484856   0.0484856   0.0484856
  0.0484856   0.0484856   0.0484856   0.0484856   0.0484856   0.0484856
  0.0484856   0.0484856   0.0484856   0.0484856   0.0484856   0.0484856
  0.0484856   0.0484856   0.0484856   0.0484856   0.0484856   0.0484856
  0.0484856   0.0484856   0.0484856   0.0484856   0.0484856   0.0484856
  0.0484856   0.0484856   0.0484856   0.0484856   0.0484856   0.0484856
  0.0484856   0.0484856   0.0484856   0.0484856   0.0484856   0.0484856
  0.0484856   0.0484856   0.0484856   0.0484856   0.0484856   0.0484856
  0.0484856   0.0484856   0.0484856   0.0484856   0.0484856   0.0484856
  0.0484856   0.0484856   0.0484856   0.0484856   0.0484856   0.0484856
  0.0484856   0.0484856   0.0484856   0.0484856   0.0484856   0.0484856
  0.0484856   0.0484856   0.0484856   0.0484856   0.0484856   0.0484856
  0.0484856   0.0484856   0.0484856   0.0484856   0.0484856   0.0484856
  0.0484856   0.0484856   0.0484856   0.0484856   0.0484856   0.0484856
  0.0484856   0.0484856   0.0484856   0.0484856   0.0484856   0.0484856
  0.0484856   0.0484856   0.0484856   0.0484856   0.0484856   0.0484856
  0.0484856   0.0484856   0.0484856   0.0484856   0.0484856   0.0484856
  0.0484856   0.0484856   0.0484856   0.0484856   0.0484856   0.0484856
  0.0484856   0.0484856   0.0484856   0.0484856   0.0484856   0.0484856
  0.0484856   0.0484856   0.0484856   0.0484856   0.0484856   0.0484856
  0.0484856   0.0484856   0.0484856   0.0484856   0.0484856   0.0484856
  0.0484856   0.0484856   0.0484856   0.0484856   0.0484856   0.0484856
  0.0484856   0.0484856   0.0484856   0.0484856   0.0484856   0.0484856
  0.0484856   0.0484856   0.0484856   0.0484856   0.0484856   0.0484856
  0.0484856   0.0484856   0.0484856   0.0484856   0.0484856   0.0484856
  0.0484856   0.0484856   0.0484856   0.0484856 ],
[ 0.22473621  0.22206482  0.21358675  0.21358675  0.2126352   0.19922336
  0.18081276  0.15739381  0.13130248  0.10047105  0.10523821  0.10523821
  0.08766213  0.08766213  0.08766213  0.08766213  0.08766213  0.08766213
  0.08766213  0.08766213  0.08766213  0.09603831  0.08522379  0.07037517
  0.05720676  0.05720676  0.06592729  0.06592729  0.06592729  0.06592729
  0.06592729  0.06592729  0.06592729  0.06592729  0.06592729  0.06592729
  0.06592729  0.06592729  0.06592729  0.06592729  0.06592729  0.06592729
  0.06592729  0.06592729  0.06592729  0.06592729  0.06592729  0.06592729
  0.06592729  0.06592729  0.06592729  0.06592729  0.06592729  0.06592729
  0.06592729  0.06592729  0.06592729  0.06592729  0.06592729  0.06592729
  0.06592729  0.06592729  0.06592729  0.06592729  0.06592729  0.06592729
  0.06592729  0.06592729  0.06592729  0.06592729  0.06592729  0.06592729
  0.06592729  0.06592729  0.06592729  0.06592729  0.06592729  0.06592729
  0.06592729  0.06592729  0.06592729  0.06592729  0.06592729  0.06592729
  0.06592729  0.06592729  0.06592729  0.06592729  0.06592729  0.06592729
  0.06592729  0.06592729  0.06592729  0.06592729  0.06592729  0.06592729
  0.06592729  0.06592729  0.06592729  0.06592729  0.06592729  0.06592729
  0.06592729  0.06592729  0.06592729  0.06592729  0.06592729  0.06592729
  0.06592729  0.06592729  0.06592729  0.06592729  0.06592729  0.06592729
  0.06592729  0.06592729  0.06592729  0.06592729  0.0573637   0.0573637
  0.0573637   0.02854513  0.02854513  0.01847937  0.01847937  0.01847937
  0.01847937  0.01947384  0.01947384  0.01947384  0.01947384  0.01947384
  0.01947384  0.01947384  0.01947384  0.01947384  0.01947384  0.01947384
  0.01947384  0.01947384  0.01947384  0.01947384  0.01947384  0.01947384
  0.01947384  0.01947384  0.01947384  0.01947384  0.01947384  0.01947384
  0.01947384  0.01947384  0.01947384  0.01947384  0.01947384  0.01947384
  0.01947384  0.01947384  0.01947384  0.01947384  0.01947384  0.01947384
  0.01947384  0.01947384  0.01947384  0.01947384  0.01947384  0.01947384
  0.01947384  0.01947384  0.01947384  0.01947384  0.01947384  0.01947384
  0.01947384  0.01947384  0.01947384  0.01947384  0.01947384  0.01947384
  0.01947384  0.01947384  0.01947384  0.01947384  0.01947384  0.01947384
  0.01947384  0.01947384  0.01947384  0.01947384  0.01947384  0.01947384
  0.01947384  0.01947384  0.01947384  0.01947384  0.01947384  0.01947384
  0.01947384  0.01947384  0.01947384  0.01947384  0.01947384  0.01947384
  0.01947384  0.01947384  0.01947384  0.01947384  0.01947384  0.01947384
  0.01947384  0.01947384  0.01947384  0.01947384  0.01947384  0.01947384
  0.01947384  0.01947384  0.01947384  0.01947384  0.01947384  0.01947384
  0.01947384  0.01947384  0.01947384  0.01947384  0.01947384  0.01947384
  0.01947384  0.01947384  0.01947384  0.01947384  0.01947384  0.01947384
  0.01947384  0.01947384  0.01947384  0.01947384  0.01947384  0.01947384
  0.01947384  0.01947384  0.01947384  0.01947384  0.01947384  0.01947384
  0.01947384  0.01947384  0.01947384  0.01947384  0.01947384  0.01947384
  0.01947384  0.01947384  0.01947384  0.01947384  0.01947384  0.01947384
  0.01947384  0.01947384  0.01947384  0.01947384  0.01947384  0.01947384
  0.01947384  0.01947384  0.01947384  0.01947384  0.01947384  0.01947384
  0.01947384  0.01947384  0.01947384  0.01947384  0.01947384  0.01947384
  0.01947384  0.01947384  0.01947384  0.01947384  0.01947384  0.01947384
  0.01947384  0.01947384  0.01947384  0.01947384  0.01947384  0.01947384
  0.01947384  0.01947384  0.01947384  0.01947384  0.01947384  0.01947384
  0.01947384  0.01947384  0.01947384  0.01947384  0.01947384  0.01947384
  0.01947384  0.01947384  0.01947384  0.01947384  0.01947384  0.01947384
  0.01947384  0.01947384  0.01947384  0.01947384  0.01947384  0.01947384
  0.01947384  0.01947384  0.01947384  0.01947384  0.01947384  0.01947384
  0.01947384  0.01947384  0.02020091  0.0112396   0.0097212   0.00913669
  0.00537191  0.00636463  0.00023444  0.00023444  0.00023444  0.00023444
  0.00023444  0.00023444  0.00023444  0.00023444  0.00023444  0.00023444
  0.00023444  0.00023444  0.00023444  0.00023444  0.00023444  0.00023444
  0.00023444  0.00023444  0.00023444  0.00023444  0.00023444  0.00023444
  0.00023444  0.00023444  0.00023444  0.00023444  0.00023444  0.00023444
  0.00023444  0.00023444  0.00023444  0.00023444  0.00023444  0.00023444
  0.00023444  0.00023444  0.00023444  0.00023444  0.00023444  0.00023444
  0.00023444  0.00023444  0.00023444  0.00023444  0.00023444  0.00023444
  0.00023444  0.00023444  0.00023444  0.00023444  0.00023444  0.00023444
  0.00023444  0.00023444  0.00023444  0.00023444  0.00023444  0.00023444
  0.00023444  0.00023444  0.00023444  0.00023444  0.00023444  0.00023444
  0.00023444  0.00023444  0.00023444  0.00023444  0.00023444  0.00023444
  0.00023444  0.00023444  0.00240894  0.00240894  0.00240894  0.0052187
  0.0052187   0.0052187   0.0052187   0.0052187   0.00544276  0.00544276
  0.00544276  0.00544276  0.00544276  0.00544276  0.00544276  0.00544276
  0.00544276  0.00544276  0.00544276  0.00544276  0.00544276  0.00544276
  0.00544276  0.00544276  0.00544276  0.00544276  0.00544276  0.00544276
  0.00544276  0.00544276  0.00544276  0.00544276  0.00544276  0.00544276
  0.00544276  0.00544276  0.00544276  0.00544276  0.00544276  0.00544276
  0.00544276  0.00544276  0.00544276  0.00544276  0.00544276  0.00544276
  0.00544276  0.00544276  0.00544276  0.00544276  0.00544276  0.00544276
  0.00544276  0.00544276  0.00544276  0.00544276  0.00544276  0.00544276
  0.00544276  0.00544276  0.00544276  0.00544276  0.00544276  0.00544276
  0.00544276  0.00544276  0.00544276  0.00544276  0.00544276  0.00544276
  0.00544276  0.00544276  0.00544276  0.00544276  0.00544276  0.00544276
  0.00544276  0.00544276  0.00544276  0.00544276  0.00544276  0.00544276
  0.00544276  0.00544276  0.00544276  0.00544276  0.00544276  0.00544276
  0.00544276  0.00544276  0.00544276  0.00544276  0.00544276  0.00544276
  0.00544276  0.00544276  0.00544276  0.00544276  0.00544276  0.00544276
  0.00544276  0.00544276  0.00544276  0.00544276  0.00544276  0.00544276
  0.00544276  0.00544276  0.00544276  0.00544276  0.01507016  0.01826436
  0.02075466  0.01957187  0.01321832  0.01572374  0.00942926  0.00136624
  0.00136624  0.00136624  0.00136624  0.00136624  0.00136624  0.00476333
  0.00209124  0.00176025  0.00627264  0.0081421   0.00562144  0.00562144
  0.00562144  0.00562144  0.00562144  0.00562144  0.00562144  0.00562144
  0.00562144  0.00562144  0.00562144  0.00562144  0.00562144  0.00562144
  0.00562144  0.00562144  0.00562144  0.00562144  0.00562144  0.00562144
  0.00562144  0.00562144  0.00562144  0.00562144  0.00562144  0.00562144
  0.00562144  0.00562144  0.00562144  0.00562144  0.00562144  0.00562144
  0.00562144  0.00562144  0.00562144  0.00562144  0.00562144  0.00562144
  0.00562144  0.00562144  0.00562144  0.00562144  0.00562144  0.00562144
  0.00562144  0.00562144  0.00562144  0.00562144  0.00562144  0.00562144
  0.00562144  0.00562144  0.00562144  0.00562144  0.00562144  0.00562144
  0.00562144  0.00562144  0.00562144  0.00562144  0.00562144  0.00562144
  0.00562144  0.00562144  0.00562144  0.00562144  0.00562144  0.00562144
  0.00562144  0.00562144  0.00562144  0.00562144  0.00562144  0.00562144
  0.00562144  0.00562144  0.00562144  0.00562144  0.00562144  0.00562144
  0.00562144  0.00562144  0.00562144  0.00562144  0.00562144  0.00562144
  0.00562144  0.00562144  0.00562144  0.00562144  0.00562144  0.00562144
  0.00562144  0.00562144  0.00562144  0.00562144  0.00562144  0.00562144
  0.00562144  0.00562144  0.00562144  0.00562144  0.00562144  0.00562144
  0.00562144  0.00562144  0.00562144  0.00562144  0.00562144  0.00562144
  0.00562144  0.00562144  0.00562144  0.00562144  0.00562144  0.00562144
  0.00562144  0.00562144  0.00562144  0.00562144  0.00562144  0.00562144
  0.00562144  0.00562144  0.00562144  0.00562144  0.00562144  0.00562144
  0.00562144  0.00562144  0.00562144  0.00562144  0.00562144  0.00562144
  0.00562144  0.00562144  0.00562144  0.00562144  0.00562144  0.00562144
  0.00562144  0.00562144  0.00562144  0.00562144  0.00562144  0.00562144
  0.00562144  0.00562144  0.00562144  0.00562144  0.00562144  0.00562144
  0.00562144  0.00562144  0.00562144  0.00562144  0.00562144  0.00562144
  0.00562144  0.00562144  0.00562144  0.00562144  0.00562144  0.00562144
  0.00562144  0.00562144  0.00562144  0.00562144  0.00562144  0.00562144
  0.00562144  0.00562144  0.00562144  0.00562144  0.00562144  0.00562144
  0.00562144  0.00562144  0.00562144  0.00562144  0.00562144  0.00562144
  0.00562144  0.00562144  0.00562144  0.00562144  0.00562144  0.00562144
  0.00562144  0.00562144  0.00562144  0.00562144  0.00562144  0.00562144
  0.00562144  0.00562144  0.00562144  0.00562144  0.00562144  0.00562144
  0.00562144  0.00562144  0.00562144  0.00562144  0.00562144  0.00562144
  0.00562144  0.00562144  0.00562144  0.00562144  0.00562144  0.00562144
  0.00562144  0.00562144  0.00562144  0.00562144  0.00562144  0.00562144
  0.00562144  0.00562144  0.00562144  0.00562144  0.00562144  0.00562144
  0.00562144  0.00562144  0.00562144  0.00562144  0.00562144  0.00562144
  0.00562144  0.00562144  0.00562144  0.00562144  0.00562144  0.00562144
  0.00466637  0.00513962  0.00578385  0.00694498  0.00394235  0.0042626
  0.00403576  0.00208347  0.0015749   0.00206691  0.00206691  0.00177575
  0.00177575  0.00177575  0.00177575  0.00177575  0.00177575  0.00177575
  0.00177575  0.00177575  0.00177575  0.00177575  0.00177575  0.00177575
  0.00177575  0.00177575  0.00177575  0.00177575  0.00177575  0.00177575
  0.00177575  0.00177575  0.00177575  0.00177575  0.00177575  0.00177575
  0.00177575  0.00177575  0.00177575  0.00177575  0.00177575  0.00177575
  0.00177575  0.00177575  0.00177575  0.00177575  0.00177575  0.00177575
  0.00177575  0.00177575  0.00177575  0.00177575  0.00177575  0.00177575
  0.00177575  0.00177575  0.00177575  0.00177575  0.00177575  0.00177575
  0.00177575  0.00177575  0.00177575  0.00177575  0.00177575  0.00177575
  0.00177575  0.00177575  0.00177575  0.00177575  0.00177575  0.00177575
  0.00177575  0.00177575  0.00177575  0.00177575  0.00177575  0.00177575
  0.00177575  0.00177575  0.00317818  0.00486093  0.00336395  0.00267828
  0.00060013  0.00060013  0.00060013  0.00060013  0.00060013  0.00060013
  0.00060013  0.00060013  0.00060013  0.00060013  0.00060013  0.00060013
  0.00060013  0.00060013  0.00060013  0.00060013  0.00060013  0.00060013
  0.00060013  0.00060013  0.00060013  0.00060013  0.00060013  0.00060013
  0.00060013  0.00060013  0.00060013  0.00060013  0.00060013  0.00060013
  0.00060013  0.00060013  0.00060013  0.00060013  0.00060013  0.00060013
  0.00060013  0.00060013  0.00060013  0.00060013  0.00060013  0.00060013
  0.00060013  0.00060013  0.00060013  0.00060013  0.00060013  0.00060013
  0.00060013  0.00060013  0.00060013  0.00060013  0.00060013  0.00060013
  0.00060013  0.00060013  0.00060013  0.00060013  0.00060013  0.00060013
  0.00060013  0.00060013  0.00060013  0.00060013  0.00060013  0.00060013
  0.00060013  0.00060013  0.00060013  0.00060013  0.00060013  0.00060013
  0.00060013  0.00060013  0.00060013  0.00060013  0.00060013  0.00060013
  0.00060013  0.00060013  0.00060013  0.00060013  0.00060013  0.00060013
  0.00060013  0.00060013  0.00060013  0.00060013  0.00060013  0.00060013
  0.00060013  0.00060013  0.00060013  0.00060013  0.00060013  0.00060013
  0.00060013  0.00060013  0.00060013  0.00060013  0.00060013  0.00060013
  0.00060013  0.00060013  0.00060013  0.00060013  0.00060013  0.00060013
  0.00060013  0.00060013  0.00060013  0.00060013  0.00060013  0.00060013
  0.00060013  0.00060013  0.00060013  0.00060013  0.00060013  0.00060013
  0.00060013  0.00060013  0.00060013  0.00060013  0.00060013  0.00060013
  0.00060013  0.00060013  0.00060013  0.00060013  0.00060013  0.00060013
  0.00060013  0.00060013  0.00060013  0.00060013  0.00060013  0.00060013
  0.00060013  0.00060013  0.00060013  0.00060013  0.00060013  0.00060013
  0.00060013  0.00060013  0.00060013  0.00060013  0.00060013  0.00060013
  0.00060013  0.00060013  0.00060013  0.00060013],
[ 0.20739366  0.20469262  0.18033297  0.18417216  0.17646152  0.15656595
  0.15656595  0.15656595  0.15656595  0.15656595  0.15656595  0.15656595
  0.15656595  0.15656595  0.15656595  0.15656595  0.15656595  0.15656595
  0.15656595  0.15656595  0.15656595  0.15656595  0.15656595  0.15656595
  0.15656595  0.15656595  0.15656595  0.15656595  0.15656595  0.15656595
  0.15656595  0.15656595  0.15656595  0.15656595  0.15656595  0.15656595
  0.15656595  0.15656595  0.15656595  0.15656595  0.15656595  0.15656595
  0.15656595  0.15656595  0.15656595  0.15656595  0.15656595  0.15656595
  0.15656595  0.15656595  0.15656595  0.15656595  0.15656595  0.15656595
  0.15656595  0.15656595  0.15656595  0.15656595  0.15656595  0.15656595
  0.15656595  0.15656595  0.15656595  0.15656595  0.15656595  0.15656595
  0.15656595  0.15656595  0.15656595  0.15656595  0.15656595  0.15656595
  0.15656595  0.15656595  0.15656595  0.15656595  0.15656595  0.15656595
  0.15656595  0.15656595  0.15656595  0.15656595  0.15656595  0.15656595
  0.15656595  0.15656595  0.15656595  0.15656595  0.15656595  0.15656595
  0.15656595  0.15656595  0.15656595  0.15656595  0.15656595  0.15656595
  0.15656595  0.15656595  0.15656595  0.15656595  0.15656595  0.15656595
  0.15656595  0.15656595  0.15656595  0.15656595  0.15656595  0.15656595
  0.15656595  0.15656595  0.15656595  0.15656595  0.15656595  0.15656595
  0.15656595  0.15656595  0.15656595  0.15656595  0.15656595  0.13513
  0.12993826  0.12753985  0.12753985  0.12753985  0.12753985  0.12753985
  0.12753985  0.12753985  0.12753985  0.12753985  0.12753985  0.12753985
  0.12753985  0.12753985  0.12753985  0.12753985  0.12753985  0.12753985
  0.12753985  0.12753985  0.12753985  0.12753985  0.12753985  0.12753985
  0.12753985  0.12753985  0.12753985  0.12753985  0.12753985  0.12753985
  0.12753985  0.12753985  0.12753985  0.12753985  0.12753985  0.12753985
  0.12753985  0.12753985  0.12753985  0.12753985  0.12753985  0.12753985
  0.12753985  0.12753985  0.12753985  0.12753985  0.12753985  0.12753985
  0.12753985  0.12753985  0.12753985  0.12753985  0.12753985  0.12753985
  0.12753985  0.12753985  0.12753985  0.12753985  0.12753985  0.12753985
  0.12753985  0.12753985  0.12753985  0.12753985  0.12753985  0.12753985
  0.12753985  0.12753985  0.12753985  0.12753985  0.12753985  0.12753985
  0.12753985  0.12753985  0.12753985  0.12753985  0.12753985  0.12753985
  0.12753985  0.12753985  0.12753985  0.12753985  0.12753985  0.12753985
  0.12753985  0.12753985  0.12753985  0.12753985  0.12753985  0.12753985
  0.12753985  0.12753985  0.12753985  0.12753985  0.12753985  0.12753985
  0.12753985  0.12753985  0.12753985  0.12753985  0.12753985  0.12753985
  0.12753985  0.12753985  0.12753985  0.12753985  0.12753985  0.12753985
  0.12753985  0.12753985  0.12753985  0.12753985  0.12753985  0.12753985
  0.12753985  0.12753985  0.12753985  0.12753985  0.12753985  0.12753985
  0.12753985  0.12753985  0.12753985  0.12753985  0.12753985  0.12753985
  0.12753985  0.12753985  0.12753985  0.12753985  0.12753985  0.12753985
  0.12753985  0.12753985  0.12753985  0.12753985  0.12753985  0.12753985
  0.12753985  0.12753985  0.12753985  0.12753985  0.12753985  0.12753985
  0.12753985  0.12753985  0.12753985  0.12753985  0.12753985  0.12753985
  0.12753985  0.12753985  0.12753985  0.12753985  0.12753985  0.12753985
  0.12753985  0.12753985  0.12753985  0.12753985  0.12753985  0.12753985
  0.12753985  0.12753985  0.12753985  0.12753985  0.12753985  0.12753985
  0.12753985  0.12753985  0.12753985  0.12753985  0.12753985  0.12753985
  0.12753985  0.12753985  0.12753985  0.12753985  0.12753985  0.12753985
  0.12753985  0.12753985  0.12753985  0.12753985  0.12753985  0.12753985
  0.12753985  0.12753985  0.12753985  0.12753985  0.12753985  0.12753985
  0.12753985  0.12753985  0.12753985  0.12753985  0.12753985  0.12753985
  0.12753985  0.12753985  0.12753985  0.12753985  0.12753985  0.12753985
  0.12753985  0.12753985  0.12753985  0.12753985  0.12753985  0.12753985
  0.12753985  0.12753985  0.12753985  0.12753985  0.12753985  0.12753985
  0.12753985  0.12753985  0.12753985  0.12753985  0.12753985  0.12753985
  0.12753985  0.12753985  0.12753985  0.12753985  0.12753985  0.12753985
  0.12753985  0.12753985  0.12753985  0.12753985  0.12753985  0.12753985
  0.12753985  0.12753985  0.12753985  0.12753985  0.12753985  0.12753985
  0.12753985  0.12753985  0.12753985  0.12753985  0.12753985  0.12753985
  0.12753985  0.12753985  0.12753985  0.12753985  0.12753985  0.12753985
  0.12753985  0.12753985  0.12753985  0.12753985  0.12753985  0.12753985
  0.12753985  0.12753985  0.12753985  0.12753985  0.12753985  0.12753985
  0.12753985  0.12753985  0.12753985  0.12753985  0.12753985  0.12753985
  0.12753985  0.12753985  0.12753985  0.12753985  0.12753985  0.12753985
  0.12753985  0.12753985  0.12753985  0.11701449  0.11701449  0.11701449
  0.11701449  0.11701449  0.11701449  0.11701449  0.11701449  0.11701449
  0.11701449  0.11701449  0.11701449  0.11701449  0.11701449  0.11701449
  0.11701449  0.11701449  0.11701449  0.11701449  0.11701449  0.11701449
  0.11701449  0.11701449  0.11701449  0.11701449  0.11701449  0.11701449
  0.11701449  0.11701449  0.11701449  0.11701449  0.11701449  0.11701449
  0.11701449  0.11701449  0.11701449  0.11701449  0.11701449  0.11701449
  0.11701449  0.11701449  0.11701449  0.11701449  0.11701449  0.11701449
  0.11701449  0.10764121  0.10764121  0.10764121  0.10764121  0.10764121
  0.10764121  0.1031416   0.10064298  0.09318875  0.09318875  0.09318875
  0.09318875  0.09318875  0.09318875  0.09318875  0.09318875  0.09318875
  0.09318875  0.09780899  0.10344337  0.10344337  0.10344337  0.12211009
  0.1380744   0.14568929  0.103864    0.08758851  0.07792861  0.07792861
  0.07803009  0.07810946  0.07810946  0.067222    0.067222    0.067222
  0.067222    0.067222    0.067222    0.067222    0.067222    0.067222
  0.067222    0.067222    0.067222    0.067222    0.067222    0.067222
  0.067222    0.067222    0.067222    0.067222    0.067222    0.067222
  0.067222    0.067222    0.067222    0.067222    0.067222    0.067222
  0.067222    0.067222    0.067222    0.067222    0.067222    0.067222
  0.067222    0.067222    0.067222    0.067222    0.067222    0.067222
  0.067222    0.067222    0.067222    0.067222    0.067222    0.067222
  0.067222    0.067222    0.067222    0.067222    0.067222    0.067222
  0.067222    0.067222    0.067222    0.067222    0.067222    0.067222
  0.067222    0.067222    0.067222    0.067222    0.067222    0.067222
  0.067222    0.067222    0.067222    0.067222    0.067222    0.067222
  0.067222    0.067222    0.067222    0.067222    0.067222    0.067222
  0.067222    0.067222    0.067222    0.067222    0.067222    0.067222
  0.067222    0.067222    0.067222    0.067222    0.067222    0.067222
  0.067222    0.067222    0.067222    0.067222    0.067222    0.067222
  0.067222    0.067222    0.067222    0.067222    0.067222    0.067222
  0.067222    0.067222    0.067222    0.067222    0.067222    0.067222
  0.067222    0.067222    0.067222    0.067222    0.067222    0.067222
  0.067222    0.067222    0.067222    0.067222    0.067222    0.067222
  0.067222    0.067222    0.067222    0.067222    0.067222    0.067222
  0.067222    0.067222    0.067222    0.067222    0.067222    0.067222
  0.067222    0.067222    0.067222    0.067222    0.067222    0.067222
  0.067222    0.067222    0.067222    0.067222    0.067222    0.067222
  0.067222    0.067222    0.067222    0.067222    0.067222    0.067222
  0.067222    0.067222    0.067222    0.067222    0.067222    0.067222
  0.067222    0.067222    0.067222    0.067222    0.067222    0.067222
  0.067222    0.067222    0.067222    0.067222    0.067222    0.067222
  0.067222    0.067222    0.067222    0.067222    0.067222    0.067222
  0.067222    0.067222    0.067222    0.067222    0.067222    0.067222
  0.067222    0.067222    0.067222    0.067222    0.067222    0.067222
  0.067222    0.067222    0.067222    0.067222    0.067222    0.067222
  0.067222    0.067222    0.067222    0.067222    0.067222    0.067222
  0.067222    0.067222    0.067222    0.067222    0.067222    0.067222
  0.067222    0.067222    0.067222    0.067222    0.067222    0.067222
  0.067222    0.067222    0.067222    0.067222    0.067222    0.067222
  0.067222    0.067222    0.067222    0.067222    0.067222    0.067222
  0.067222    0.067222    0.067222    0.067222    0.067222    0.067222
  0.067222    0.067222    0.067222    0.067222    0.067222    0.067222
  0.067222    0.067222    0.067222    0.067222    0.067222    0.067222
  0.067222    0.067222    0.08247611  0.08247611  0.08247611  0.08247611
  0.08247611  0.08247611  0.08247611  0.1002408   0.09930791  0.09786333
  0.09581311  0.10590606  0.10590606  0.10590606  0.10590606  0.10590606
  0.10590606  0.10590606  0.10590606  0.10590606  0.10590606  0.10590606
  0.10590606  0.10590606  0.08638351  0.07657302  0.07657302  0.03895179
  0.03715364  0.0370012   0.0370012   0.03177443  0.03336402  0.03339243
  0.03150497  0.03150497  0.03150497  0.03150497  0.03150497  0.03150497
  0.03150497  0.03150497  0.03150497  0.03150497  0.03150497  0.03150497
  0.03150497  0.03150497  0.03150497  0.03150497  0.03150497  0.03150497
  0.03150497  0.03150497  0.03150497  0.03150497  0.03150497  0.03150497
  0.03150497  0.03150497  0.03150497  0.03150497  0.03150497  0.03150497
  0.03150497  0.03150497  0.03150497  0.03150497  0.03150497  0.03150497
  0.03150497  0.03150497  0.03150497  0.03150497  0.03150497  0.03150497
  0.03150497  0.03150497  0.03150497  0.03150497  0.03150497  0.03150497
  0.03150497  0.03150497  0.03150497  0.03150497  0.03150497  0.03150497
  0.03150497  0.03150497  0.03150497  0.03150497  0.03150497  0.03150497
  0.03150497  0.03150497  0.03150497  0.03150497  0.03150497  0.03150497
  0.03150497  0.03150497  0.03150497  0.03150497  0.03150497  0.03150497
  0.03150497  0.03150497  0.03150497  0.03150497  0.03150497  0.03150497
  0.03150497  0.03150497  0.03150497  0.03150497  0.03150497  0.03150497
  0.03150497  0.03150497  0.03150497  0.03150497  0.03150497  0.03150497
  0.03150497  0.03150497  0.03150497  0.03150497  0.03150497  0.03150497
  0.03150497  0.03150497  0.03150497  0.03150497  0.03150497  0.03150497
  0.03150497  0.03150497  0.03150497  0.03150497  0.03150497  0.03150497
  0.03150497  0.03150497  0.03150497  0.03150497  0.03150497  0.03150497
  0.03150497  0.03150497  0.03150497  0.03150497  0.03150497  0.03150497
  0.03150497  0.03150497  0.03150497  0.03150497  0.03150497  0.03150497
  0.03150497  0.03150497  0.03150497  0.03150497  0.03150497  0.03150497
  0.03150497  0.03150497  0.03150497  0.03150497  0.03150497  0.03150497
  0.03150497  0.03150497  0.03150497  0.03150497  0.03150497  0.03150497
  0.03150497  0.03150497  0.03150497  0.03150497  0.03150497  0.03150497
  0.03150497  0.03150497  0.03150497  0.03150497  0.03150497  0.03150497
  0.03150497  0.03150497  0.03150497  0.03150497  0.03150497  0.03150497
  0.03150497  0.03150497  0.03150497  0.03150497  0.03150497  0.03150497
  0.03150497  0.03150497  0.03150497  0.03150497  0.03150497  0.03150497
  0.03150497  0.03150497  0.03150497  0.03150497  0.03150497  0.03150497
  0.03150497  0.03150497  0.03150497  0.03150497  0.03150497  0.03150497
  0.03150497  0.03150497  0.03150497  0.03150497  0.03150497  0.03150497
  0.03150497  0.03150497  0.03150497  0.03150497  0.03150497  0.03150497
  0.03150497  0.03150497  0.03150497  0.03150497  0.03150497  0.03150497
  0.03150497  0.03150497  0.03150497  0.03150497  0.03150497  0.03150497
  0.03150497  0.03150497  0.03150497  0.03150497  0.03150497  0.03150497
  0.03150497  0.03150497  0.03150497  0.03150497  0.03150497  0.03150497
  0.03150497  0.03150497  0.03150497  0.03150497  0.03150497  0.03150497
  0.03150497  0.03150497  0.03150497  0.03150497  0.03150497  0.03150497
  0.03150497  0.03150497  0.03150497  0.03150497  0.03150497  0.03150497
  0.03150497  0.03150497  0.03150497  0.03150497  0.03150497  0.03150497
  0.03150497  0.03150497  0.03150497  0.03150497],
[  1.71691249e-01   1.61853689e-01   1.60892305e-01   1.60892305e-01
   1.60892305e-01   1.60892305e-01   1.60892305e-01   1.60892305e-01
   1.60892305e-01   1.60892305e-01   1.60892305e-01   1.60892305e-01
   1.60892305e-01   1.60892305e-01   1.60892305e-01   1.60892305e-01
   1.60892305e-01   1.60892305e-01   1.60892305e-01   1.60892305e-01
   1.60892305e-01   1.60892305e-01   1.60892305e-01   1.60892305e-01
   1.60892305e-01   1.60892305e-01   1.60892305e-01   1.60892305e-01
   1.60892305e-01   1.60892305e-01   1.60892305e-01   1.60892305e-01
   1.60892305e-01   1.60892305e-01   1.60892305e-01   1.60892305e-01
   1.60892305e-01   1.60892305e-01   1.60892305e-01   1.60892305e-01
   1.60892305e-01   1.60892305e-01   1.60892305e-01   1.60892305e-01
   1.60892305e-01   1.72019706e-01   1.74464207e-01   1.74464207e-01
   1.74464207e-01   1.78240818e-01   1.50397940e-01   1.40402706e-01
   1.40402706e-01   1.30775233e-01   1.19601614e-01   1.19601614e-01
   1.19601614e-01   1.19601614e-01   1.19601614e-01   1.19601614e-01
   1.19601614e-01   9.81717864e-02   9.81717864e-02   9.81717864e-02
   8.94995535e-02   7.84378816e-02   6.70074830e-02   6.70074830e-02
   6.70074830e-02   6.70074830e-02   6.70074830e-02   6.70074830e-02
   6.70074830e-02   6.70074830e-02   6.70074830e-02   6.70074830e-02
   6.70074830e-02   6.70074830e-02   6.70074830e-02   6.70074830e-02
   6.70074830e-02   6.70074830e-02   6.70074830e-02   6.70074830e-02
   6.70074830e-02   6.70074830e-02   6.70074830e-02   6.70074830e-02
   6.70074830e-02   6.70074830e-02   6.70074830e-02   6.70074830e-02
   6.70074830e-02   6.70074830e-02   6.70074830e-02   6.70074830e-02
   6.70074830e-02   6.70074830e-02   6.70074830e-02   6.70074830e-02
   6.70074830e-02   6.70074830e-02   6.70074830e-02   6.70074830e-02
   6.70074830e-02   6.70074830e-02   6.70074830e-02   6.70074830e-02
   6.70074830e-02   6.70074830e-02   6.70074830e-02   6.70074830e-02
   6.70074830e-02   6.70074830e-02   6.70074830e-02   6.70074830e-02
   6.70074830e-02   6.70074830e-02   6.70074830e-02   6.70074830e-02
   6.70074830e-02   6.70074830e-02   6.70074830e-02   6.70074830e-02
   6.70074830e-02   6.70074830e-02   6.70074830e-02   6.70074830e-02
   6.31990939e-02   5.57478725e-02   5.57478725e-02   5.57478725e-02
   5.57478725e-02   5.57478725e-02   5.57478725e-02   5.57478725e-02
   5.57478725e-02   5.57478725e-02   5.57478725e-02   5.57478725e-02
   5.57478725e-02   5.57478725e-02   5.57478725e-02   5.57478725e-02
   5.57478725e-02   5.57478725e-02   5.06001027e-02   4.47350799e-02
   4.47350799e-02   4.47350799e-02   4.47350799e-02   3.92312916e-02
   3.92312916e-02   3.92312916e-02   3.92312916e-02   3.92312916e-02
   3.92312916e-02   3.92312916e-02   3.92312916e-02   3.85353106e-02
   2.38581144e-02   1.96046853e-03   1.96046853e-03   1.96046853e-03
   1.96046853e-03   1.96046853e-03   1.96046853e-03   1.96046853e-03
   1.96046853e-03   1.96046853e-03   1.96046853e-03   1.96046853e-03
   1.96046853e-03   1.96046853e-03   1.96046853e-03   1.96046853e-03
   1.96046853e-03   1.96046853e-03   1.96046853e-03   1.96046853e-03
   1.96046853e-03   1.96046853e-03   1.96046853e-03   1.96046853e-03
   1.96046853e-03   1.96046853e-03   1.96046853e-03   1.96046853e-03
   1.96046853e-03   1.96046853e-03   1.96046853e-03   1.96046853e-03
   1.96046853e-03   1.96046853e-03   1.96046853e-03   1.96046853e-03
   1.96046853e-03   1.96046853e-03   1.96046853e-03   1.96046853e-03
   1.96046853e-03   1.96046853e-03   1.96046853e-03   1.96046853e-03
   1.96046853e-03   1.96046853e-03   1.96046853e-03   1.96046853e-03
   1.96046853e-03   1.96046853e-03   1.96046853e-03   1.96046853e-03
   1.96046853e-03   1.96046853e-03   1.96046853e-03   1.96046853e-03
   1.96046853e-03   1.96046853e-03   1.96046853e-03   1.96046853e-03
   1.96046853e-03   1.96046853e-03   1.96046853e-03   1.96046853e-03
   1.96046853e-03   1.96046853e-03   1.96046853e-03   1.96046853e-03
   1.96046853e-03   1.96046853e-03   1.96046853e-03   1.96046853e-03
   1.96046853e-03   1.96046853e-03   1.96046853e-03   1.96046853e-03
   1.96046853e-03   1.96046853e-03   1.96046853e-03   1.96046853e-03
   1.96046853e-03   1.96046853e-03   1.96046853e-03   1.96046853e-03
   1.96046853e-03   1.96046853e-03   1.96046853e-03   1.96046853e-03
   1.96046853e-03   1.96046853e-03   1.96046853e-03   1.96046853e-03
   1.96046853e-03   1.96046853e-03   1.96046853e-03   1.96046853e-03
   1.96046853e-03   1.96046853e-03   1.96046853e-03   1.96046853e-03
   1.96046853e-03   1.96046853e-03   1.96046853e-03   1.96046853e-03
   1.96046853e-03   1.96046853e-03   1.96046853e-03   1.96046853e-03
   1.96046853e-03   1.96046853e-03   1.96046853e-03   1.96046853e-03
   1.96046853e-03   1.96046853e-03   1.96046853e-03   1.96046853e-03
   1.96046853e-03   1.96046853e-03   1.96046853e-03   1.96046853e-03
   1.96046853e-03   1.96046853e-03   1.96046853e-03   1.96046853e-03
   1.96046853e-03   1.96046853e-03   1.96046853e-03   1.96046853e-03
   1.96046853e-03   1.96046853e-03   1.96046853e-03   1.96046853e-03
   1.96046853e-03   1.96046853e-03   1.96046853e-03   1.96046853e-03
   1.96046853e-03   1.96046853e-03   1.96046853e-03   1.96046853e-03
   1.96046853e-03   1.96046853e-03   1.96046853e-03   1.96046853e-03
   1.96046853e-03   1.96046853e-03   1.96046853e-03   1.96046853e-03
   1.96046853e-03   1.96046853e-03   1.96046853e-03   1.96046853e-03
   1.96046853e-03   1.96046853e-03   1.96046853e-03   1.96046853e-03
   1.96046853e-03   1.96046853e-03   1.96046853e-03   1.96046853e-03
   1.96046853e-03   1.96046853e-03   1.96046853e-03   1.96046853e-03
   1.96046853e-03   1.96046853e-03   1.96046853e-03   1.96046853e-03
   1.96046853e-03   1.96046853e-03   1.96046853e-03   1.96046853e-03
   1.96046853e-03   1.96046853e-03   1.96046853e-03   1.96046853e-03
   1.96046853e-03   1.96046853e-03   1.96046853e-03   1.96046853e-03
   1.96046853e-03   1.96046853e-03   1.96046853e-03   1.96046853e-03
   1.96046853e-03   1.96046853e-03   1.96046853e-03   1.96046853e-03
   1.96046853e-03   1.96046853e-03   1.96046853e-03   1.96046853e-03
   1.96046853e-03   1.96046853e-03   1.96046853e-03   1.96046853e-03
   1.96046853e-03   1.96046853e-03   1.96046853e-03   1.96046853e-03
   1.96046853e-03   1.96046853e-03   1.96046853e-03   1.96046853e-03
   1.96046853e-03   1.96046853e-03   1.96046853e-03   1.96046853e-03
   1.96046853e-03   1.96046853e-03   1.96046853e-03   1.96046853e-03
   1.96046853e-03   1.96046853e-03   1.96046853e-03   1.96046853e-03
   1.96046853e-03   1.96046853e-03   1.96046853e-03   1.96046853e-03
   1.96046853e-03   1.96046853e-03   1.96046853e-03   1.96046853e-03
   1.96046853e-03   1.96046853e-03   1.96046853e-03   1.96046853e-03
   1.96046853e-03   1.96046853e-03   1.96046853e-03   1.96046853e-03
   1.96046853e-03   1.96046853e-03   1.96046853e-03   1.96046853e-03
   1.96046853e-03   1.96046853e-03   1.96046853e-03   1.96046853e-03
   1.96046853e-03   1.96046853e-03   1.96046853e-03   1.96046853e-03
   1.96046853e-03   1.96046853e-03   1.96046853e-03   1.96046853e-03
   1.96046853e-03   1.96046853e-03   1.96046853e-03   1.96046853e-03
   1.96046853e-03   1.96046853e-03   1.96046853e-03   1.96046853e-03
   1.96046853e-03   1.96046853e-03   1.96046853e-03   1.96046853e-03
   1.96046853e-03   1.96046853e-03   1.96046853e-03   1.96046853e-03
   1.96046853e-03   1.96046853e-03   1.96046853e-03   1.96046853e-03
   1.96046853e-03   1.96046853e-03   1.96046853e-03   1.96046853e-03
   1.96046853e-03   1.96046853e-03   1.96046853e-03   1.96046853e-03
   1.96046853e-03   1.96046853e-03   1.96046853e-03   1.96046853e-03
   1.96046853e-03   1.96046853e-03   1.96046853e-03   1.96046853e-03
   1.96046853e-03   1.96046853e-03   1.96046853e-03   1.96046853e-03
   1.96046853e-03   1.96046853e-03   1.96046853e-03   1.96046853e-03
   1.96046853e-03   1.96046853e-03   1.96046853e-03   1.96046853e-03
   1.96046853e-03   1.96046853e-03   1.96046853e-03   1.96046853e-03
   1.96046853e-03   1.96046853e-03   1.96046853e-03   1.96046853e-03
   1.96046853e-03   1.96046853e-03   1.96046853e-03   1.96046853e-03
   1.96046853e-03   1.96046853e-03   1.96046853e-03   1.96046853e-03
   1.96046853e-03   1.96046853e-03   1.96046853e-03   1.96046853e-03
   1.96046853e-03   1.96046853e-03   1.96046853e-03   1.96046853e-03
   1.96046853e-03   1.96046853e-03   1.96046853e-03   1.96046853e-03
   1.96046853e-03   1.96046853e-03   1.96046853e-03   1.96046853e-03
   1.96046853e-03   1.96046853e-03   1.96046853e-03   1.96046853e-03
   1.96046853e-03   1.96046853e-03   1.96046853e-03   1.96046853e-03
   1.96046853e-03   1.96046853e-03   1.96046853e-03   1.96046853e-03
   1.96046853e-03   1.96046853e-03   1.96046853e-03   1.96046853e-03
   1.96046853e-03   1.96046853e-03   1.96046853e-03   1.96046853e-03
   1.96046853e-03   1.96046853e-03   1.96046853e-03   1.96046853e-03
   1.96046853e-03   1.96046853e-03   1.96046853e-03   1.96046853e-03
   1.96046853e-03   1.96046853e-03   1.96046853e-03   1.96046853e-03
   1.96046853e-03   1.96046853e-03   1.96046853e-03   1.96046853e-03
   1.96046853e-03   1.96046853e-03   1.96046853e-03   1.96046853e-03
   1.96046853e-03   1.96046853e-03   1.96046853e-03   1.96046853e-03
   1.96046853e-03   1.96046853e-03   1.96046853e-03   1.96046853e-03
   1.96046853e-03   1.96046853e-03   1.96046853e-03   1.96046853e-03
   1.96046853e-03   1.96046853e-03   1.96046853e-03   1.96046853e-03
   1.96046853e-03   1.96046853e-03   1.96046853e-03   1.96046853e-03
   1.96046853e-03   1.96046853e-03   1.96046853e-03   1.96046853e-03
   1.96046853e-03   1.96046853e-03   1.96046853e-03   1.96046853e-03
   1.96046853e-03   1.96046853e-03   1.96046853e-03   1.96046853e-03
   1.96046853e-03   1.96046853e-03   1.96046853e-03   1.96046853e-03
   1.96046853e-03   1.96046853e-03   1.96046853e-03   1.96046853e-03
   1.96046853e-03   1.96046853e-03   1.96046853e-03   1.96046853e-03
   1.96046853e-03   1.96046853e-03   1.96046853e-03   1.96046853e-03
   1.96046853e-03   1.96046853e-03   1.96046853e-03   1.96046853e-03
   1.96046853e-03   1.96046853e-03   1.96046853e-03   1.96046853e-03
   1.96046853e-03   1.96046853e-03   1.96046853e-03   1.96046853e-03
   1.96046853e-03   1.96046853e-03   1.96046853e-03   1.96046853e-03
   1.96046853e-03   1.96046853e-03   1.96046853e-03   1.96046853e-03
   1.96046853e-03   1.96046853e-03   1.96046853e-03   1.96046853e-03
   1.96046853e-03   1.96046853e-03   1.96046853e-03   1.96046853e-03
   1.96046853e-03   1.96046853e-03   1.96046853e-03   1.96046853e-03
   1.96046853e-03   1.96046853e-03   1.96046853e-03   1.96046853e-03
   1.96046853e-03   1.96046853e-03   1.96046853e-03   1.96046853e-03
   1.96046853e-03   1.96046853e-03   1.96046853e-03   1.96046853e-03
   1.96046853e-03   1.96046853e-03   1.96046853e-03   1.96046853e-03
   1.96046853e-03   1.96046853e-03   1.96046853e-03   1.96046853e-03
   1.96046853e-03   1.96046853e-03   1.96046853e-03   1.96046853e-03
   1.96046853e-03   1.96046853e-03   1.96046853e-03   1.96046853e-03
   1.96046853e-03   1.96046853e-03   1.96046853e-03   1.96046853e-03
   1.96046853e-03   1.96046853e-03   1.96046853e-03   1.96046853e-03
   1.96046853e-03   1.96046853e-03   1.96046853e-03   1.96046853e-03
   1.96046853e-03   1.96046853e-03   1.96046853e-03   1.96046853e-03
   1.96046853e-03   1.96046853e-03   1.96046853e-03   1.96046853e-03
   1.96046853e-03   1.96046853e-03   1.96046853e-03   1.96046853e-03
   1.96046853e-03   1.96046853e-03   1.96046853e-03   1.96046853e-03
   1.96046853e-03   1.96046853e-03   1.96046853e-03   1.96046853e-03
   1.96046853e-03   1.96046853e-03   1.96046853e-03   1.96046853e-03
   1.96046853e-03   1.96046853e-03   1.96046853e-03   1.96046853e-03
   1.96046853e-03   1.96046853e-03   1.96046853e-03   1.96046853e-03
   1.96046853e-03   1.96046853e-03   1.96046853e-03   1.96046853e-03
   1.96046853e-03   1.96046853e-03   1.96046853e-03   1.96046853e-03
   1.96046853e-03   1.96046853e-03   1.96046853e-03   1.96046853e-03
   1.96046853e-03   1.96046853e-03   1.96046853e-03   1.96046853e-03
   1.96046853e-03   1.96046853e-03   1.96046853e-03   1.96046853e-03
   1.96046853e-03   1.96046853e-03   1.96046853e-03   1.96046853e-03
   1.96046853e-03   1.96046853e-03   1.96046853e-03   1.96046853e-03
   1.96046853e-03   1.96046853e-03   1.96046853e-03   1.96046853e-03
   1.96046853e-03   1.96046853e-03   1.96046853e-03   1.96046853e-03
   1.96046853e-03   1.96046853e-03   1.96046853e-03   1.96046853e-03
   1.96046853e-03   1.96046853e-03   1.96046853e-03   1.96046853e-03
   1.96046853e-03   1.96046853e-03   1.96046853e-03   1.96046853e-03
   1.96046853e-03   1.96046853e-03   1.96046853e-03   1.96046853e-03
   1.96046853e-03   1.96046853e-03   1.96046853e-03   1.96046853e-03
   1.96046853e-03   1.96046853e-03   1.96046853e-03   1.96046853e-03
   1.96046853e-03   1.96046853e-03   1.96046853e-03   1.96046853e-03
   1.96046853e-03   1.96046853e-03   1.96046853e-03   1.96046853e-03
   1.96046853e-03   1.96046853e-03   1.96046853e-03   1.96046853e-03
   1.96046853e-03   1.96046853e-03   1.96046853e-03   1.96046853e-03
   1.96046853e-03   1.96046853e-03   1.96046853e-03   1.96046853e-03
   1.96046853e-03   1.96046853e-03   1.96046853e-03   1.96046853e-03
   1.96046853e-03   1.96046853e-03   1.96046853e-03   1.96046853e-03
   1.96046853e-03   1.96046853e-03   1.96046853e-03   1.96046853e-03
   1.96046853e-03   1.96046853e-03   1.96046853e-03   1.96046853e-03
   1.96046853e-03   1.96046853e-03   1.96046853e-03   1.96046853e-03
   1.96046853e-03   1.96046853e-03   1.96046853e-03   1.96046853e-03
   1.96046853e-03   1.96046853e-03   1.96046853e-03   1.96046853e-03
   1.96046853e-03   1.96046853e-03   1.96046853e-03   1.96046853e-03
   1.96046853e-03   1.96046853e-03   1.96046853e-03   1.96046853e-03
   1.96046853e-03   1.96046853e-03   1.96046853e-03   1.96046853e-03
   1.96046853e-03   1.96046853e-03   1.96046853e-03   1.96046853e-03
   1.96046853e-03   1.96046853e-03   1.96046853e-03   1.96046853e-03
   1.96046853e-03   1.96046853e-03   1.96046853e-03   1.96046853e-03
   1.96046853e-03   1.96046853e-03   1.96046853e-03   1.96046853e-03
   1.96046853e-03   1.96046853e-03   1.96046853e-03   1.96046853e-03
   1.96046853e-03   1.96046853e-03   1.96046853e-03   1.96046853e-03
   1.96046853e-03   1.96046853e-03   1.96046853e-03   1.96046853e-03
   1.96046853e-03   1.96046853e-03   1.96046853e-03   1.96046853e-03
   1.96046853e-03   1.96046853e-03   1.96046853e-03   1.96046853e-03
   1.96046853e-03   1.96046853e-03   1.96046853e-03   1.96046853e-03
   3.43862259e-04   3.43862259e-04   1.89913947e-03   1.89913947e-03
   1.89913947e-03   1.89913947e-03   1.89913947e-03   1.89913947e-03
   1.89913947e-03   1.89913947e-03   1.89913947e-03   1.89913947e-03
   1.89913947e-03   1.89913947e-03   3.29796475e-04   3.29796475e-04
   3.29796475e-04   3.29796475e-04   3.29796475e-04   3.29796475e-04
   3.29796475e-04   3.29796475e-04   3.29796475e-04   3.29796475e-04
   3.29796475e-04   3.29796475e-04   3.29796475e-04   3.29796475e-04
   3.29796475e-04   3.29796475e-04   3.29796475e-04   3.29796475e-04
   3.29796475e-04   3.29796475e-04   3.29796475e-04   3.29796475e-04
   3.29796475e-04   3.29796475e-04   3.29796475e-04   3.29796475e-04
   3.29796475e-04   3.29796475e-04   3.29796475e-04   5.65604110e-04
   5.65604110e-04   3.00756570e-03   6.50951183e-04   2.45755991e-03
   2.45755991e-03   2.45755991e-03   2.45755991e-03   1.65712190e-04
   1.65712190e-04   1.65712190e-04   1.65712190e-04   1.65712190e-04
   1.65712190e-04   1.65712190e-04   1.65712190e-04   1.65712190e-04
   1.65712190e-04   1.65712190e-04   1.65712190e-04   1.65712190e-04
   1.65712190e-04   1.65712190e-04   1.65712190e-04   1.65712190e-04
   1.65712190e-04   1.65712190e-04   1.65712190e-04   1.65712190e-04
   1.65712190e-04   1.65712190e-04   1.65712190e-04   1.65712190e-04
   1.65712190e-04   1.65712190e-04   1.65712190e-04   1.65712190e-04
   1.65712190e-04   1.65712190e-04   1.65712190e-04   1.65712190e-04
   1.65712190e-04   1.65712190e-04   1.65712190e-04   1.65712190e-04
   1.65712190e-04   1.65712190e-04   1.65712190e-04   1.65712190e-04
   1.65712190e-04   1.65712190e-04   1.65712190e-04   1.65712190e-04
   1.65712190e-04   1.65712190e-04   1.65712190e-04   1.65712190e-04
   1.65712190e-04   1.65712190e-04   1.65712190e-04   1.65712190e-04
   1.65712190e-04   1.65712190e-04   1.65712190e-04   1.65712190e-04
   1.65712190e-04   1.65712190e-04   1.65712190e-04   1.65712190e-04
   1.65712190e-04   1.65712190e-04   1.65712190e-04   1.65712190e-04
   1.65712190e-04   1.65712190e-04   1.65712190e-04   1.65712190e-04
   1.65712190e-04   1.65712190e-04   1.65712190e-04   1.65712190e-04
   1.65712190e-04   1.65712190e-04   1.65712190e-04   1.65712190e-04
   1.65712190e-04   1.65712190e-04   1.65712190e-04   1.65712190e-04
   1.65712190e-04   1.65712190e-04   1.65712190e-04   1.65712190e-04
   1.65712190e-04   1.65712190e-04   1.65712190e-04   1.65712190e-04
   1.65712190e-04   1.65712190e-04   1.65712190e-04   1.65712190e-04
   1.65712190e-04   1.65712190e-04   1.65712190e-04   1.65712190e-04
   1.65712190e-04   1.65712190e-04   1.65712190e-04   1.65712190e-04
   1.65712190e-04   1.65712190e-04   1.65712190e-04   1.65712190e-04
   1.65712190e-04   1.65712190e-04   1.65712190e-04   1.65712190e-04],
